924
16 111 0.667629
51 104 0.653220
88 104 0.448025
97 104 0.450715
101 104 0.600819
105 2345 0.655175
167 573 0.678229
235 4539 0.673388
236 990 0.653914
271 106 0.492863
279 104 0.332397
423 104 0.400592
437 104 0.404210
438 3207 0.655728
444 104 0.404210
452 104 0.404210
459 104 0.404210
471 106 0.652261
482 38 0.373396
493 104 0.414212
505 104 0.429589
525 212 0.136956
534 215 0.105152
538 1215 0.535671
622 51 0.472855
683 297 0.684037
799 4661 0.631936
800 1052 0.695777
815 141 0.564057
816 3006 0.647829
858 4507 0.665131
891 113 0.552693
929 3876 0.673298
985 2865 0.422338
1099 184 0.654480
1100 211 0.681996
1101 218 0.547580
1165 3901 0.684266
1233 164 0.544643
1234 243 0.528343
1261 1517 0.577956
1290 5059 0.682835
1309 168 0.687034
1328 153 0.640244
1337 163 0.414100
1350 158 0.610137
1370 1288 0.636510
1395 279 0.308897
1415 214 0.550153
1453 144 0.665489
1470 294 0.699430
1477 3839 0.658342
1496 2973 0.367486
1505 4551 0.663928
1575 2808 0.651861
1578 4548 0.695371
1585 240 0.473540
1623 4564 0.664323
1645 233 0.637009
1663 1572 0.530053
1676 196 0.414304
1692 209 0.612493
1706 325 0.636268
1744 1857 0.570348
1751 297 0.407638
1752 316 0.499527
1759 207 0.661316
1762 1395 0.694429
1788 1699 0.694269
1804 1485 0.682440
1807 228 0.653885
1845 3901 0.650078
1923 4574 0.693857
1930 6492 0.668161
1939 309 0.507043
1988 354 0.515005
2002 417 0.647771
2026 1950 0.698554
2070 287 0.557540
2077 286 0.477538
2153 353 0.477193
2169 356 0.625296
2213 327 0.396943
2225 423 0.483589
2244 4548 0.683987
2272 365 0.603059
2297 397 0.514274
2391 1638 0.653341
2442 428 0.549938
2489 415 0.445186
2515 303 0.674777
2547 381 0.627975
2557 363 0.635526
2563 458 0.686213
2577 389 0.620429
2578 522 0.497747
2586 499 0.559081
2587 539 0.655783
2592 4392 0.496465
2628 453 0.662361
2639 452 0.477212
2641 4668 0.578934
2663 419 0.465761
2666 607 0.678303
2679 485 0.564102
2690 386 0.623056
2707 422 0.556172
2722 546 0.613495
2732 436 0.597754
2734 471 0.590286
2742 3112 0.699350
2754 425 0.663473
2770 434 0.515369
2840 564 0.408649
2885 1215 0.600969
2972 6550 0.619697
2978 487 0.404018
3005 2973 0.689472
3051 4798 0.660062
3062 4568 0.629427
3068 1958 0.676940
3085 648 0.560441
3093 579 0.651838
3169 544 0.562649
3172 586 0.383373
3185 2382 0.665593
3193 552 0.468349
3210 595 0.452215
3221 1820 0.652124
3223 541 0.461762
3225 614 0.361433
3227 639 0.666597
3262 655 0.615480
3278 2540 0.669700
3279 678 0.630104
3285 642 0.536297
3333 569 0.682793
3334 628 0.433206
3390 687 0.549802
3397 739 0.690008
3401 1859 0.683034
3438 599 0.538931
3440 695 0.538981
3448 605 0.608932
3452 730 0.431119
3487 818 0.691874
3566 645 0.384253
3583 767 0.699276
3598 715 0.483301
3608 662 0.538341
3615 4201 0.586025
3617 718 0.635637
3640 659 0.318611
3728 4611 0.626063
3729 5442 0.686955
3824 732 0.581321
3837 4568 0.528818
3855 722 0.674751
3867 742 0.671440
3875 728 0.464062
3924 885 0.485880
3937 855 0.543105
3976 813 0.606841
3979 2975 0.537462
4031 4020 0.606452
4096 827 0.658407
4119 3977 0.649668
4128 837 0.506737
4129 2755 0.686190
4148 3839 0.672459
4168 5135 0.562973
4186 4177 0.500035
4187 942 0.663317
4206 4497 0.587676
4214 953 0.462383
4246 877 0.538963
4256 601 0.690531
4258 116 0.512513
4267 888 0.544662
4277 887 0.583911
4282 4568 0.496738
4305 836 0.592770
4352 926 0.422616
4354 3018 0.694586
4361 3326 0.686458
4426 868 0.440948
4438 1014 0.692670
4446 1405 0.673740
4452 2180 0.623932
4454 4628 0.699502
4465 882 0.688299
4485 1215 0.495050
4496 2206 0.656616
4498 1031 0.619719
4511 1061 0.632268
4528 992 0.662274
4529 1047 0.418531
4558 987 0.557961
4566 4568 0.456456
4568 2051 0.644029
4575 939 0.674013
4591 1030 0.467909
4594 1815 0.624120
4614 1025 0.613786
4621 938 0.570480
4623 994 0.656932
4626 1001 0.617290
4657 1209 0.677331
4666 991 0.609961
4674 979 0.608452
4693 1805 0.638559
4695 1024 0.596093
4708 4568 0.575155
4724 1022 0.506591
4730 1059 0.690626
4734 1178 0.432306
4763 1127 0.534266
4772 1135 0.685899
4791 4568 0.516537
4819 1207 0.656471
4826 606 0.684808
4828 1143 0.497675
4829 1160 0.595088
4835 1219 0.441731
4879 1080 0.484790
4890 1094 0.689992
4893 1171 0.424694
4899 1176 0.332158
4936 1205 0.466973
4939 1596 0.549977
4940 1314 0.628425
4961 3934 0.681489
4988 1248 0.556010
4999 1238 0.463846
5005 1175 0.564579
5012 1180 0.459976
5014 1228 0.341394
5026 1305 0.477116
5030 2137 0.695032
5050 1303 0.562841
5053 1158 0.635572
5063 1266 0.609612
5075 1275 0.693624
5078 1194 0.527901
5094 1290 0.643570
5107 2635 0.585620
5173 1344 0.430277
5178 1351 0.389453
5197 1327 0.530524
5200 1293 0.638064
5220 1350 0.620062
5234 1316 0.666994
5236 1437 0.687570
5264 1390 0.632580
5269 1318 0.450401
5276 1385 0.552770
5308 1489 0.662411
5313 1332 0.408882
5315 1356 0.621501
5316 1361 0.350094
5323 3103 0.648812
5332 1343 0.564632
5333 1424 0.462597
5343 1459 0.446236
5377 3865 0.633386
5399 1394 0.653495
5400 1435 0.684571
5405 1490 0.497200
5415 1536 0.689216
5464 1475 0.597825
5486 1494 0.652792
5495 1508 0.614609
5520 1589 0.430902
5526 1449 0.522613
5531 1556 0.587955
5554 1581 0.618274
5588 6448 0.603216
5611 1522 0.564223
5618 6802 0.680963
5673 1505 0.450465
5683 1571 0.395363
5686 1649 0.603900
5726 1539 0.589208
5757 1546 0.699289
5772 1551 0.424453
5773 1564 0.450919
5784 1662 0.401257
5790 1566 0.665152
5817 1570 0.641950
5818 1615 0.574499
5835 1586 0.633834
5852 1605 0.548455
5860 1598 0.622650
5877 1736 0.587594
5918 289 0.681702
5925 1627 0.410864
5942 1661 0.570644
5981 1646 0.576552
5985 1681 0.434556
6020 1815 0.683945
6049 1723 0.496968
6066 1813 0.399716
6105 1696 0.682225
6120 6432 0.564224
6128 1710 0.592053
6141 1834 0.693160
6142 1842 0.598048
6168 294 0.501163
6190 1800 0.508698
6226 1939 0.658484
6262 1832 0.598427
6270 1868 0.522791
6301 2730 0.624436
6315 1977 0.364658
6318 1799 0.541582
6322 4622 0.623393
6342 2003 0.328707
6343 4041 0.600157
6356 2008 0.645095
6358 1960 0.377162
6364 1897 0.636520
6368 2019 0.486171
6387 1851 0.695370
6392 2045 0.592034
6393 2403 0.554260
6403 1933 0.697423
6428 1968 0.620900
6441 1957 0.641555
6445 2059 0.593689
6505 1957 0.686012
6563 2103 0.541873
6572 2017 0.475894
6573 2048 0.553594
6574 2049 0.675598
6588 2073 0.661696
6600 1975 0.327297
6605 2066 0.670877
6609 6432 0.623192
6611 1994 0.627759
6623 2133 0.624019
6624 2134 0.596052
6640 815 0.697358
6642 2146 0.517913
6652 2024 0.528111
6676 1857 0.391976
6695 4048 0.687036
6714 2138 0.663538
6723 2218 0.637474
6725 2082 0.677355
6769 4131 0.573175
6773 2145 0.616577
6775 2289 0.354681
6782 2179 0.621216
6789 3904 0.527409
6794 1087 0.672648
6805 3097 0.652869
6809 6432 0.331872
6831 2177 0.448489
6833 2268 0.353064
6834 2269 0.623680
6849 2251 0.684338
6852 2217 0.679110
6869 2342 0.637482
6880 1912 0.560109
6889 2368 0.604759
6891 6359 0.570930
6906 2267 0.427635
6909 727 0.688895
6922 6538 0.594079
6939 2350 0.571744
6984 4396 0.508028
6995 2450 0.699379
7039 2392 0.546501
7042 3758 0.468885
7048 2430 0.636521
7051 2194 0.513877
7052 4497 0.675485
7062 2560 0.680698
7076 2573 0.512235
7080 2467 0.434765
7096 2658 0.571330
7120 2600 0.536371
7130 2599 0.371075
7146 2501 0.522924
7159 2534 0.640546
7171 2551 0.652418
7174 2649 0.549821
7177 2533 0.579780
7178 2586 0.452676
7180 2657 0.526590
7181 2679 0.696730
7188 2571 0.689358
7195 2685 0.517561
7204 1504 0.670841
7217 2622 0.321778
7218 2648 0.202458
7232 2647 0.443198
7254 2730 0.615586
7266 2809 0.550767
7269 2706 0.568311
7276 5134 0.697592
7284 2705 0.288131
7293 2738 0.454121
7294 2746 0.455958
7320 2744 0.689478
7347 2841 0.370029
7367 2840 0.656122
7391 2975 0.642336
7395 5246 0.675269
7396 2839 0.676420
7429 4368 0.665642
7432 2852 0.595513
7437 2866 0.385878
7449 3002 0.385939
7458 2901 0.330481
7464 2914 0.522810
7473 2913 0.667988
7475 2927 0.613248
7476 2954 0.622523
7483 2936 0.254120
7487 4616 0.685808
7491 2952 0.471325
7492 2953 0.531024
7493 2960 0.348138
7498 2974 0.693912
7499 2986 0.611883
7516 2984 0.651246
7518 2990 0.649937
7530 3055 0.467934
7532 2999 0.390069
7533 3042 0.662753
7542 3017 0.449453
7545 3064 0.623218
7574 3078 0.672562
7581 3070 0.681763
7597 3075 0.625827
7601 3098 0.254002
7608 1262 0.446235
7627 5082 0.694141
7628 3171 0.618370
7636 3156 0.647254
7645 3169 0.471817
7652 3181 0.592540
7654 3213 0.392813
7655 1749 0.674023
7663 3196 0.427579
7673 3187 0.450620
7678 3212 0.618807
7692 3285 0.693614
7696 3270 0.474614
7717 3281 0.532807
7719 3293 0.464498
7728 3291 0.580279
7734 294 0.693449
7735 1360 0.653547
7762 3332 0.614979
7793 3373 0.457188
7806 3372 0.540198
7811 3371 0.550808
7818 3385 0.593706
7842 3452 0.570403
7870 1059 0.645346
7880 3449 0.688158
7886 3457 0.680238
7888 3497 0.675347
7904 3486 0.416152
7950 3533 0.561544
7951 3540 0.293332
7959 3561 0.621604
7970 3546 0.530401
7975 4929 0.531840
7987 4661 0.639475
7988 3577 0.416996
7990 3585 0.657859
7992 3611 0.560704
8001 3569 0.440557
8016 3608 0.446093
8035 3607 0.545413
8066 1605 0.684172
8070 3671 0.696721
8104 3696 0.543218
8117 3708 0.385602
8127 3857 0.376895
8135 4661 0.662150
8144 3730 0.679812
8153 3736 0.680817
8158 4000 0.651912
8179 3805 0.526785
8192 3763 0.664650
8195 3803 0.628384
8198 3779 0.474332
8199 3789 0.574636
8201 3801 0.634346
8216 3824 0.598916
8223 3831 0.524363
8238 3844 0.653268
8246 4497 0.698579
8252 4661 0.586595
8254 1342 0.670831
8263 4747 0.680684
8272 3863 0.398876
8273 3874 0.659838
8277 4410 0.683374
8296 3928 0.514890
8319 3926 0.498641
8333 3915 0.557398
8335 3924 0.519926
8337 2311 0.648164
8338 3971 0.526934
8339 3994 0.542202
8349 3993 0.649543
8350 3921 0.626662
8356 3992 0.436607
8361 6787 0.604978
8368 3933 0.688753
8378 4012 0.695040
8385 3968 0.653794
8389 4020 0.372791
8396 3977 0.363810
8408 4016 0.473030
8422 3999 0.596258
8460 4010 0.538008
8464 4535 0.697611
8476 4988 0.643060
8487 318 0.677720
8510 339 0.681682
8511 4065 0.694138
8512 4066 0.642174
8514 3002 0.522687
8515 4078 0.461926
8516 4079 0.586139
8536 4077 0.386892
8542 4075 0.619234
8546 4098 0.518554
8556 4087 0.622585
8563 4063 0.539619
8585 4095 0.633989
8612 4127 0.695495
8639 4140 0.588356
8691 4133 0.618409
8716 4174 0.693914
8747 4059 0.691490
8765 4192 0.651776
8772 4177 0.327059
8776 4205 0.566114
8782 4180 0.653757
8797 4204 0.596143
8812 4203 0.659351
8814 4221 0.568958
8825 4194 0.624647
8850 4198 0.428332
8851 4199 0.353951
8859 4211 0.631279
8877 4246 0.625475
8878 4247 0.660911
8890 4261 0.641199
8900 4238 0.455980
8918 4243 0.622159
8929 4253 0.380630
8946 4268 0.613515
8961 2055 0.636193
8986 4568 0.556688
8997 4290 0.551725
8999 4293 0.573868
9012 4302 0.452343
9054 4314 0.353193
9069 4320 0.659006
9070 4329 0.383690
9071 4335 0.653189
9072 4336 0.677857
9079 4312 0.560837
9081 4328 0.424355
9086 4317 0.595455
9094 4345 0.421056
9098 4442 0.489330
9126 4340 0.576629
9128 4342 0.472917
9139 4349 0.646984
9142 4364 0.497024
9173 4352 0.691938
9192 4369 0.476128
9194 4371 0.520350
9195 4362 0.661667
9202 4376 0.336652
9207 4693 0.482859
9221 4380 0.250720
9254 4395 0.445407
9265 4402 0.376177
9283 4413 0.544419
9284 4420 0.608384
9288 4412 0.564756
9291 4415 0.497402
9304 4419 0.588176
9317 4416 0.387559
9328 4435 0.551173
9338 4433 0.670191
9341 4450 0.472866
9342 4456 0.537296
9343 3039 0.594571
9356 4449 0.581812
9359 4916 0.686946
9360 2161 0.699226
9364 4446 0.477185
9365 4447 0.425895
9376 4467 0.615875
9377 4468 0.480951
9388 4466 0.571032
9395 4473 0.478851
9421 3827 0.626539
9437 4494 0.335104
9438 1859 0.699141
9440 4492 0.536881
9443 1418 0.541721
9455 4514 0.520670
9456 4516 0.565959
9488 4526 0.551962
9490 3976 0.671138
9492 4494 0.616941
9516 4539 0.664543
9517 4540 0.554386
9525 4610 0.665728
9549 4551 0.476492
9564 4557 0.524799
9567 4559 0.594774
9580 4562 0.452049
9589 5345 0.695589
9590 4572 0.483346
9591 4573 0.549386
9595 4574 0.688947
9596 4584 0.675777
9638 4599 0.620443
9639 4600 0.409480
9644 4605 0.647368
9645 1746 0.690557
9667 5401 0.633532
9669 5473 0.614610
9673 4624 0.587782
9683 4632 0.491058
9685 4634 0.635282
9691 4661 0.650871
9693 4648 0.619341
9702 4660 0.337896
9704 4661 0.429830
9720 4677 0.553172
9727 4690 0.667577
9729 4693 0.613122
9731 4678 0.694859
9732 4705 0.653260
9743 4688 0.444190
9744 4700 0.698098
9745 4703 0.599847
9747 4704 0.553123
9751 4254 0.699196
9760 447 0.553998
9795 4730 0.670386
9796 4731 0.208045
9803 4740 0.449972
9827 4764 0.588619
9829 4756 0.474893
9849 4780 0.675855
9851 1857 0.581439
9874 4802 0.321602
9876 4803 0.608944
9898 4820 0.496446
9905 4837 0.450030
9906 4838 0.638397
9913 4839 0.433570
9916 4762 0.682262
9923 4855 0.580067
9942 4864 0.395751
9943 4865 0.412517
9952 4867 0.533734
9954 4310 0.666761
9970 5467 0.649487
9972 4888 0.440986
9973 4889 0.420284
9974 4882 0.571364
9981 4892 0.455003
9982 4893 0.374136
9999 4913 0.692707
10007 1995 0.671649
10009 4914 0.401587
10010 4915 0.331478
10011 4916 0.626247
10029 4933 0.686231
10071 4962 0.593802
10073 4965 0.484515
10092 4980 0.431509
10120 5020 0.656773
10141 5031 0.689087
10164 5053 0.592576
10172 5055 0.578222
10176 5059 0.596776
10201 5069 0.640184
10229 5091 0.638532
10237 5117 0.555454
10249 5100 0.518148
10270 5129 0.607826
10287 5133 0.525832
10317 3353 0.654653
10326 5190 0.341748
10331 5174 0.683816
10341 5204 0.598421
10348 4764 0.397204
10350 5180 0.435806
10358 5222 0.494292
10360 5223 0.585415
10368 5208 0.697350
10378 5237 0.521492
10380 5238 0.436188
10398 5256 0.629574
10411 2236 0.677320
10415 5240 0.369985
10416 5241 0.668927
10417 5242 0.512760
10424 5278 0.622147
10425 5279 0.626280
10427 5249 0.459801
10435 5300 0.664889
10455 5302 0.635909
10457 5303 0.585901
10460 5267 0.627553
10461 5268 0.467148
10462 5271 0.695436
10476 5280 0.569275
10478 5292 0.602589
10495 5308 0.583710
10508 5306 0.648280
10516 5334 0.645882
10532 5387 0.556913
10541 5395 0.359258
10549 5401 0.347060
10550 5403 0.568039
10553 5362 0.591696
10561 1418 0.646967
10581 5437 0.481466
10583 5438 0.658503
10592 6376 0.660196
10597 5466 0.660110
10598 5467 0.427565
10599 5458 0.562046
10600 5459 0.328014
10609 5469 0.613262
10610 5470 0.249378
10615 5481 0.409648
10618 5442 0.489571
10625 5482 0.359402
10626 5483 0.571525
10633 5454 0.470718
10640 5498 0.469929
10643 5461 0.345744
10644 5472 0.599335
10651 5503 0.411608
10652 5499 0.523415
10655 5475 0.675098
10667 5505 0.487205
10688 5508 0.468712
10696 5515 0.470043
10713 5524 0.589299
10715 5520 0.534472
10720 5530 0.454394
10741 5556 0.595810
10773 5566 0.532818
10790 5582 0.578046
10791 5584 0.598188
10796 5628 0.456996
10802 5627 0.647391
10806 5709 0.659911
10809 5590 0.572893
10827 5662 0.411264
10835 5623 0.586870
10839 5681 0.304437
10851 5682 0.570468
10854 5651 0.428243
10855 5652 0.503904
10864 5664 0.577138
10865 5653 0.308968
10892 5655 0.536521
10896 5671 0.508939
10904 5760 0.529158
10919 5777 0.608132
10920 5746 0.621332
10940 5794 0.501340
10947 5728 0.685411
10952 5806 0.620488
10953 5807 0.516457
10954 5762 0.390807
10956 5748 0.651839
10960 5736 0.533684
10976 5765 0.431829
10981 5845 0.630136
10982 5847 0.587565
10987 5779 0.509491
10989 5781 0.676087
10992 5849 0.518722
10994 5836 0.489087
10996 5821 0.395242
11010 4568 0.688374
11016 5885 0.300323
11020 5812 0.521806
11028 5910 0.525390
11032 5851 0.399062
11033 5838 0.679361
11041 5911 0.584408
11043 5839 0.426285
11045 5948 0.473754
11048 5888 0.509987
11060 5961 0.261448
11063 5951 0.377072
11066 5890 0.239055
11068 5868 0.609764
11070 5869 0.566610
11073 5870 0.650014
11075 5872 0.572994
11080 5913 0.391818
11082 5891 0.512723
11084 5893 0.445776
11090 5996 0.486897
11092 5977 0.483068
11093 5978 0.595694
11095 5962 0.475397
11101 6011 0.556382
11103 5998 0.603788
11116 6023 0.342448
11118 6013 0.427475
11119 6014 0.271613
11120 5999 0.533028
11131 6041 0.620713
11136 5013 0.490163
11143 6043 0.558219
11144 6025 0.286704
11173 6082 0.317324
11175 6071 0.362096
11176 6072 0.515711
11178 6045 0.653953
11184 2644 0.674944
11185 6150 0.611862
11201 3226 0.532000
11204 6074 0.671268
11211 6151 0.486756
11212 6136 0.392423
11213 6137 0.440133
11216 6085 0.630090
11218 6087 0.487683
11224 6127 0.260244
11227 6153 0.632520
11228 6154 0.567710
11229 6138 0.301792
11230 6139 0.679686
11235 6221 0.453282
11252 6183 0.430959
11256 6157 0.393198
11257 6158 0.506698
11263 6210 0.605272
11274 6197 0.419040
11276 6189 0.556196
11277 6240 0.389966
11279 6199 0.613517
11286 6224 0.470113
11293 6241 0.473459
11300 3114 0.628704
11314 6341 0.475499
11324 6279 0.383760
11325 6280 0.503407
11327 6265 0.354024
11338 6268 0.376683
11343 6272 0.398819
11354 6299 0.606893
11370 6318 0.380583
11380 6334 0.567867
11385 6345 0.570479
11393 6359 0.488704
11396 6399 0.622620
11400 6369 0.590868
11402 6373 0.686153
11405 6375 0.471476
11406 6376 0.658954
11415 6392 0.376439
11423 6417 0.622083
11436 3349 0.687432
11515 4969 0.585114
11519 1608 0.696240
11532 6452 0.419916
11577 4597 0.638578
11594 6574 0.694814
11623 6120 0.668287
11678 6397 0.645962
11772 6482 0.507587
11792 6485 0.616110
11799 5792 0.687847
11863 4077 0.596502
11872 6449 0.620503
11875 6507 0.428080
11930 5079 0.674840
11970 5626 0.679963
11974 6591 0.201471
11978 6594 0.013114
11997 6700 0.603090
12000 6760 0.572510
12003 6633 0.480858
12044 6805 0.492210
12054 6724 0.644024
12061 6805 0.485644
12065 6615 0.469314
12085 6734 0.668275
12091 6732 0.698028
12095 6543 0.588024
12096 6808 0.427346
12139 6654 0.696498
12168 6696 0.643914
12201 6787 0.646464
12207 6601 0.669451
12213 6786 0.599251
12227 6700 0.487630
12233 6800 0.591986
12249 6670 0.643290
12259 6695 0.674351
12261 6787 0.699942
12263 6614 0.548886
12267 6800 0.572878
12280 6800 0.695952
12282 6800 0.698144
12283 6787 0.525994
12291 6704 0.551926
