226
25 3250 0.590849
49 81 0.592616
51 399 0.332010
75 9118 0.564262
100 3625 0.692602
107 757 0.699889
120 27 0.680572
135 471 0.698049
141 471 0.526651
160 4719 0.682114
196 399 0.655319
218 534 0.158248
230 6647 0.643110
250 1840 0.680897
262 1318 0.362290
272 748 0.687077
278 1103 0.654019
290 7386 0.562770
321 8711 0.691371
325 10572 0.656677
355 9176 0.698750
370 710 0.583454
408 527 0.661364
410 8127 0.673692
425 3432 0.646869
482 665 0.541210
493 7401 0.697095
540 3337 0.673633
545 8783 0.673360
563 869 0.694143
592 816 0.632713
597 3419 0.570370
606 9264 0.678777
609 6020 0.524778
626 3419 0.647933
635 1556 0.698339
640 9492 0.598664
644 7579 0.628360
658 1103 0.613247
659 1318 0.628796
663 10917 0.678897
666 5599 0.686687
697 1622 0.691037
715 7809 0.651329
748 1640 0.433718
760 7944 0.597854
782 2005 0.627226
794 2004 0.593429
796 1732 0.518699
823 2031 0.485061
840 1871 0.658334
893 2446 0.566055
896 2430 0.574634
906 2539 0.489724
923 2619 0.635693
931 6880 0.688262
934 2684 0.512497
935 2684 0.495171
937 5598 0.529129
938 2684 0.693319
950 2888 0.693894
964 7000 0.488886
982 2567 0.494227
983 2829 0.654267
1010 703 0.570825
1025 5471 0.577908
1029 6963 0.671298
1043 7000 0.616553
1046 2989 0.647871
1050 8850 0.664512
1061 729 0.654561
1093 816 0.548895
1095 816 0.649228
1117 3291 0.652791
1125 3290 0.673749
1129 2684 0.542500
1152 5081 0.414314
1193 3626 0.494492
1215 3707 0.611398
1223 8687 0.690613
1235 8289 0.698049
1243 4585 0.655121
1258 6640 0.697756
1267 4315 0.654778
1290 5912 0.664008
1292 7722 0.642252
1300 4219 0.689362
1327 6970 0.686843
1339 8331 0.695992
1348 4159 0.446185
1360 4216 0.433229
1390 6344 0.695914
1434 11490 0.531688
1449 8825 0.675310
1455 5121 0.501676
1500 4749 0.603604
1505 9877 0.688097
1584 6984 0.648957
1607 10061 0.685652
1619 5892 0.578924
1622 5218 0.644436
1634 9672 0.673525
1637 8360 0.639207
1638 9672 0.667548
1652 6744 0.636368
1660 6744 0.635213
1666 5121 0.568230
1669 6744 0.625543
1692 5585 0.674579
1731 1176 0.656816
1788 6468 0.686291
1823 10460 0.575681
1839 9096 0.696178
1866 5216 0.625558
1867 5961 0.643713
1888 5975 0.618014
1949 6251 0.680464
1978 7429 0.655152
1990 1496 0.673117
1998 7386 0.585440
2011 6392 0.622823
2019 6448 0.496533
2052 6468 0.499802
2104 6054 0.685578
2109 5785 0.596099
2121 6807 0.629427
2130 8478 0.661462
2144 6842 0.456061
2175 6847 0.437775
2176 6865 0.572949
2187 4829 0.674801
2192 6879 0.545588
2193 6891 0.611971
2214 7017 0.430200
2225 4120 0.550607
2243 7112 0.529900
2253 7167 0.297051
2255 7200 0.626069
2263 7250 0.463068
2272 7262 0.408474
2294 9954 0.545157
2303 7378 0.688113
2314 1538 0.592544
2323 7956 0.690629
2329 3925 0.448983
2354 11136 0.551519
2379 7625 0.479211
2407 7671 0.518462
2410 11300 0.694991
2454 7798 0.460622
2476 7881 0.612786
2478 7882 0.681752
2482 7976 0.558945
2486 7909 0.627928
2499 7949 0.521494
2502 7966 0.496088
2503 7982 0.679434
2555 11573 0.464475
2556 402 0.670935
2563 8099 0.667705
2565 670 0.668515
2569 9954 0.663554
2615 9954 0.690677
2624 8609 0.600108
2631 8677 0.563346
2643 8752 0.448533
2652 8816 0.683714
2658 8844 0.530289
2660 8830 0.574494
2668 8881 0.490167
2688 9662 0.675774
2689 9046 0.586006
2693 9075 0.691618
2694 9060 0.691712
2710 9170 0.621884
2718 9226 0.556033
2726 9307 0.681009
2732 9295 0.661851
2756 9446 0.401850
2773 9557 0.517646
2776 2211 0.663837
2796 9653 0.587083
2843 9824 0.646724
2853 9911 0.487480
2857 9955 0.637841
2879 10022 0.505515
2900 10089 0.679618
2904 10134 0.459702
2919 10308 0.638902
2921 11734 0.654330
2925 11594 0.673028
2934 11471 0.683931
2958 11434 0.599732
2976 11532 0.673578
2986 12099 0.695064
2988 11974 0.408437
2989 11978 0.016036
2991 11983 0.443004
2994 12031 0.615985
2996 12082 0.671807
2999 12129 0.417219
3003 12071 0.686415
3008 12260 0.674548
3020 12240 0.594435
3021 12004 0.669955
3024 9007 0.577764
3025 12240 0.682578
3029 12188 0.676936
3035 11840 0.525625
3036 12093 0.404737
3042 12053 0.380071
3045 12018 0.653652
3051 12082 0.668866
3067 12255 0.534940
3073 12091 0.586656
3078 12071 0.689783
3081 12180 0.569115
3083 12022 0.647485
3091 12096 0.598228
3094 12129 0.699260
3096 12236 0.610052
3098 12215 0.532868
3100 12053 0.540736
3113 12265 0.656339
3121 12246 0.552041
3128 12018 0.507721
