493
14 3949 0.679526
89 69 0.584361
199 4102 0.573348
200 2262 0.638139
215 127 0.544627
244 150 0.597907
247 1704 0.685630
248 529 0.699917
255 3934 0.632304
312 822 0.623123
372 755 0.647776
376 405 0.691017
418 755 0.531817
443 171 0.575008
481 529 0.681266
514 2990 0.618324
527 3934 0.423736
556 286 0.692177
571 4639 0.669586
592 405 0.666275
641 167 0.658326
644 157 0.564569
734 4829 0.663954
774 4589 0.674257
799 317 0.557942
824 190 0.499729
841 4184 0.671339
876 154 0.577743
889 2067 0.643826
932 187 0.620745
937 199 0.444911
945 203 0.428592
976 884 0.649931
979 898 0.635552
989 216 0.602007
1013 237 0.652316
1027 223 0.564364
1052 231 0.511062
1056 232 0.677894
1077 235 0.283346
1085 401 0.441977
1086 239 0.381997
1092 238 0.573720
1093 388 0.541120
1097 857 0.672623
1103 240 0.533393
1104 242 0.631427
1116 247 0.334563
1124 214 0.562054
1136 254 0.606644
1137 255 0.232007
1139 258 0.567351
1141 1312 0.679803
1164 266 0.581853
1168 265 0.581117
1189 274 0.677746
1200 280 0.615337
1208 281 0.534691
1226 288 0.650194
1255 312 0.458595
1257 314 0.509586
1258 315 0.433537
1263 305 0.604054
1264 318 0.660768
1278 309 0.638035
1288 304 0.498996
1342 335 0.249203
1348 354 0.338296
1440 377 0.595134
1517 399 0.686680
1525 401 0.533324
1537 4489 0.694693
1538 404 0.637118
1557 414 0.697468
1561 4184 0.495709
1562 414 0.451012
1568 414 0.573880
1608 420 0.505383
1637 434 0.547398
1639 436 0.640436
1668 438 0.517206
1669 449 0.619658
1676 443 0.610984
1695 454 0.617496
1700 456 0.503736
1701 468 0.605600
1702 473 0.576182
1713 614 0.699736
1719 507 0.676655
1746 494 0.608268
1754 2407 0.653164
1774 520 0.579280
1781 525 0.656688
1785 487 0.605291
1786 561 0.480486
1788 534 0.270132
1796 541 0.541694
1815 2888 0.599572
1820 564 0.664727
1854 589 0.485480
1859 1624 0.675382
1866 616 0.574779
1876 626 0.676194
1902 630 0.494720
1905 653 0.673286
1944 672 0.649506
1946 700 0.380777
1963 2610 0.658775
1974 728 0.426256
1984 711 0.542753
2004 2043 0.681867
2027 1012 0.692144
2070 779 0.331245
2088 796 0.485767
2089 797 0.595888
2106 807 0.666590
2107 806 0.630941
2130 826 0.561049
2143 832 0.657455
2158 849 0.335046
2172 859 0.521014
2173 861 0.627047
2176 866 0.480837
2194 3359 0.418598
2212 880 0.639054
2225 895 0.650385
2235 900 0.681169
2238 912 0.612161
2246 1038 0.646904
2260 927 0.509576
2287 947 0.688143
2292 938 0.413634
2293 939 0.671236
2301 945 0.545401
2311 961 0.537427
2316 3570 0.680994
2331 4518 0.693590
2356 1011 0.359062
2359 1022 0.695259
2361 1006 0.633451
2378 1039 0.519400
2400 1062 0.657067
2412 1314 0.591081
2424 1112 0.474433
2436 1114 0.678936
2441 3422 0.673485
2463 1156 0.584994
2483 1165 0.501369
2489 1180 0.640489
2494 1194 0.666411
2495 1195 0.666136
2499 1182 0.408138
2506 1210 0.481608
2511 1196 0.671283
2515 1209 0.631447
2544 1240 0.624548
2546 1232 0.617195
2561 1257 0.562005
2570 130 0.608296
2589 1293 0.582380
2591 1294 0.671603
2626 1329 0.652842
2634 1318 0.503140
2642 1330 0.304241
2643 1324 0.608772
2651 1339 0.382961
2655 1332 0.636084
2662 1350 0.639382
2674 1358 0.510227
2688 1382 0.532741
2700 1389 0.345683
2703 2957 0.691648
2710 1390 0.416223
2740 1430 0.646728
2746 1094 0.662475
2749 1442 0.344283
2751 4373 0.601160
2760 1449 0.557234
2763 1441 0.501793
2764 1450 0.570297
2770 1457 0.516674
2776 1470 0.675286
2785 1495 0.626439
2790 1481 0.630838
2793 1462 0.560609
2795 822 0.691121
2808 3522 0.656888
2830 1550 0.511456
2832 1552 0.681366
2864 1572 0.469373
2870 1582 0.274469
2905 1642 0.367924
2908 1621 0.601513
2909 1622 0.438168
2932 1644 0.670321
2942 1658 0.649317
2958 1659 0.547073
2966 1697 0.473080
2967 1698 0.607214
2998 1747 0.503290
3015 1779 0.203680
3037 1764 0.546150
3038 1765 0.540135
3039 142 0.589024
3069 1797 0.472286
3087 1832 0.446869
3092 900 0.634748
3103 1853 0.604536
3104 747 0.585016
3116 2223 0.690973
3123 1904 0.655441
3130 1917 0.415580
3135 3335 0.698593
3246 2005 0.402003
3264 2062 0.271468
3275 2080 0.621461
3279 3922 0.672136
3313 2104 0.683999
3368 2125 0.653506
3405 2314 0.410240
3428 1494 0.689350
3447 3323 0.496083
3493 2272 0.692000
3509 2329 0.601969
3513 2295 0.554571
3527 2296 0.467247
3537 1994 0.641793
3545 2324 0.490928
3565 2314 0.640964
3567 2366 0.539376
3584 2334 0.630130
3637 2374 0.654560
3646 1751 0.558363
3658 2464 0.547871
3674 2471 0.645610
3686 2415 0.307203
3707 2434 0.687468
3717 2443 0.652590
3719 2511 0.612477
3721 2512 0.599231
3729 2473 0.451333
3748 3481 0.580812
3749 387 0.638753
3752 2501 0.672976
3782 3465 0.622833
3785 2629 0.682145
3810 2541 0.537920
3811 3505 0.690556
3829 2043 0.460482
3839 2561 0.404887
3882 2664 0.164634
3883 2661 0.497920
3890 2665 0.613148
3893 2672 0.230991
3895 2677 0.379024
3913 2740 0.357328
3938 2773 0.504811
3960 2731 0.351406
3961 2732 0.365859
3962 2733 0.240044
3964 2722 0.469846
3966 2711 0.341859
3973 5128 0.659685
3987 2749 0.680850
4006 2515 0.620555
4029 867 0.658980
4038 2832 0.316835
4071 2826 0.342805
4104 2873 0.302500
4111 2916 0.599593
4113 2879 0.374250
4132 2874 0.355826
4147 2926 0.555376
4151 2936 0.416401
4159 2897 0.363551
4160 2898 0.345692
4163 2907 0.501552
4164 3013 0.627289
4167 3043 0.582405
4172 2919 0.571370
4180 1795 0.683670
4206 3080 0.538996
4208 2963 0.469354
4217 3090 0.625471
4223 2977 0.560222
4226 4524 0.646881
4249 3122 0.670129
4274 3045 0.671726
4309 3153 0.570203
4310 3382 0.633651
4388 3310 0.642250
4393 2979 0.601807
4400 3317 0.381102
4402 3429 0.677442
4407 3303 0.532327
4409 2849 0.675356
4410 3340 0.458485
4459 3380 0.490441
4463 3268 0.339556
4484 3383 0.546284
4487 4023 0.665762
4504 3447 0.620098
4505 3448 0.553253
4510 3384 0.678632
4531 3458 0.604303
4548 3511 0.308639
4563 2467 0.664179
4566 2718 0.673870
4582 412 0.608762
4584 4758 0.648397
4593 1991 0.667842
4609 3410 0.458843
4616 3550 0.592555
4619 3460 0.488560
4627 2572 0.676883
4638 3620 0.369602
4649 4087 0.641971
4657 3450 0.588351
4665 3605 0.598722
4671 3621 0.633429
4673 3522 0.613266
4683 3654 0.620597
4686 3615 0.604792
4687 3551 0.571754
4693 4518 0.690785
4695 3665 0.332256
4696 3514 0.686269
4703 673 0.587343
4711 3521 0.350244
4712 3499 0.675301
4726 3467 0.428675
4771 3722 0.529223
4772 3203 0.630809
4795 1619 0.532368
4796 3623 0.622703
4797 3624 0.578392
4807 3765 0.327359
4819 3597 0.668128
4830 3789 0.532195
4844 3616 0.312458
4846 3377 0.674262
4853 3625 0.370854
4854 3617 0.622573
4858 3822 0.660570
4860 3808 0.447049
4874 3657 0.483567
4875 198 0.596672
4887 3830 0.433306
4931 3716 0.660967
4944 3723 0.405011
4958 3744 0.497161
4969 3793 0.625508
4973 4977 0.698578
4987 3798 0.516872
5003 3767 0.657927
5019 3794 0.638173
5024 3850 0.694259
5040 822 0.565275
5194 1977 0.651676
5202 2954 0.503197
5212 4740 0.447395
5221 2928 0.617103
5329 3928 0.420659
5349 3951 0.546167
5357 3938 0.683252
5376 3983 0.383927
5386 3984 0.465284
5392 693 0.679934
5396 5204 0.652938
5414 4007 0.653480
5415 3993 0.504213
5416 3994 0.414829
5426 4042 0.507612
5448 4009 0.494861
5455 4095 0.690491
5496 4007 0.577207
5498 5050 0.667786
5501 4239 0.652037
5575 4101 0.438864
5611 4119 0.238298
5614 4035 0.603359
5673 4043 0.676420
5676 4179 0.540389
5678 4133 0.623101
5701 4180 0.686734
5702 4141 0.324007
5709 3379 0.685591
5718 4082 0.517858
5767 4455 0.698685
5773 4171 0.423165
5775 4134 0.477472
5776 4098 0.633300
5788 4224 0.592999
5789 4225 0.692750
5801 4181 0.405122
5815 2977 0.689514
5826 4918 0.629424
5834 4107 0.492852
5858 4258 0.389760
5875 4344 0.609440
5878 4235 0.421129
5890 2915 0.684266
5898 4318 0.371867
5902 4262 0.574877
5924 4249 0.697737
5941 4036 0.695933
5945 4228 0.188315
5946 4209 0.658174
5952 2597 0.676947
5956 4304 0.679612
5957 4260 0.650278
5958 4236 0.414792
5971 4240 0.503282
5991 4241 0.544890
6007 4293 0.349570
6019 4288 0.694182
6021 4271 0.526293
6022 4243 0.481888
6031 4311 0.660368
6032 4280 0.370563
6037 4202 0.629497
6054 4266 0.416731
6065 4321 0.508367
6080 4237 0.560487
6094 4347 0.550120
6099 4294 0.645199
6100 4289 0.452616
6119 4277 0.656809
6120 4544 0.635960
6130 4361 0.588127
6131 4362 0.540454
6132 4349 0.642502
6155 638 0.575447
6161 4366 0.606609
6164 4338 0.688063
6176 4384 0.455594
6193 4375 0.618605
6213 2238 0.675710
6263 4403 0.642171
6276 4422 0.636592
6327 4440 0.636333
6329 4427 0.454973
6331 4424 0.676351
6354 4445 0.678023
6355 4436 0.492943
6367 4446 0.651648
6424 4528 0.437778
6432 532 0.548889
6443 4631 0.562386
6446 4426 0.636070
6482 4528 0.597565
6532 4807 0.489364
6552 4426 0.682458
6563 4506 0.655784
6565 2597 0.638992
6583 980 0.682484
6585 3925 0.688758
6588 5318 0.640577
6591 5359 0.196718
6593 5325 0.577747
6594 5364 0.043802
6597 5375 0.135794
6621 4582 0.664227
6640 5427 0.687080
6649 5454 0.613807
6654 5452 0.599399
6670 5500 0.690058
6680 5465 0.258656
6693 5413 0.591700
6695 5520 0.598014
6704 5467 0.616497
6713 5388 0.559517
6719 5536 0.606664
6729 5388 0.482894
6734 5435 0.564524
6735 5434 0.688071
6738 5522 0.337712
6747 5434 0.532194
6760 5453 0.469855
6761 5452 0.536464
6763 5500 0.608563
6764 5399 0.695998
6766 5461 0.671505
6769 5465 0.355329
6775 5534 0.572460
6778 5470 0.669448
6783 5381 0.558090
6788 5537 0.538342
6792 5499 0.672154
6798 5453 0.530225
6799 5494 0.549819
6804 5537 0.443655
6808 5518 0.674329
