564
45 11582 0.696936
113 4222 0.693848
121 3269 0.588005
134 1897 0.660728
152 7369 0.630184
167 5890 0.413374
225 5662 0.687525
228 2426 0.653028
248 9975 0.560371
252 7018 0.534774
268 13437 0.650467
271 9975 0.453542
301 4571 0.684181
306 5953 0.624163
325 1881 0.693302
406 5428 0.694102
417 6621 0.619355
432 2970 0.520544
441 4467 0.667434
446 3522 0.670576
494 3219 0.648265
505 2318 0.589563
514 7998 0.629668
554 5662 0.604303
558 5715 0.635856
559 7723 0.686104
646 3555 0.658831
648 1850 0.645250
652 5491 0.664020
667 782 0.672841
675 23253 0.627516
714 373 0.696248
728 5607 0.602120
737 1818 0.695249
769 5068 0.570290
770 2842 0.486981
807 27984 0.654969
808 14628 0.678125
822 7553 0.647583
831 4820 0.651756
850 6604 0.593561
853 9179 0.649672
882 1421 0.654426
888 28072 0.642593
899 13934 0.611114
925 6496 0.557511
966 5864 0.691615
992 1632 0.691031
995 10032 0.653877
1228 2798 0.690046
1237 5269 0.691670
1308 5151 0.679973
1332 1866 0.549740
1340 8492 0.573974
1374 2711 0.664572
1379 9065 0.545828
1407 3565 0.687917
1409 5181 0.655513
1459 6435 0.625776
1499 3070 0.697918
1512 2806 0.648286
1517 7975 0.631687
1575 9878 0.626137
1627 27865 0.679378
1649 8663 0.594368
1753 6639 0.527657
1769 1866 0.583881
1776 4136 0.694875
1919 6963 0.648296
1938 6104 0.635508
1953 7998 0.686697
1988 4401 0.570979
2010 3967 0.677450
2033 8663 0.688155
2081 27477 0.619242
2122 7873 0.686829
2136 5380 0.664601
2157 1101 0.675642
2203 6617 0.609774
2244 2732 0.608453
2246 2987 0.641277
2316 27477 0.666355
2367 12996 0.643405
2399 9609 0.692893
2433 1312 0.610689
2446 8443 0.543297
2461 7168 0.679381
2554 304 0.696884
2589 2031 0.692349
2769 4511 0.589146
2878 28114 0.634318
2944 4770 0.673599
2951 7108 0.687417
3083 642 0.686650
3140 5406 0.651966
3313 25212 0.679858
3341 7510 0.644179
3676 1502 0.651914
3793 8663 0.697241
3853 615 0.481778
3870 210 0.561816
4000 4466 0.666504
4031 4754 0.644205
4120 26349 0.683798
4162 14812 0.631500
4410 583 0.559014
4561 9570 0.686567
4863 12357 0.639134
4949 363 0.635132
4952 24148 0.671905
5151 4380 0.593009
5172 11252 0.652154
5217 2884 0.664705
5218 10173 0.586942
5230 10217 0.499727
5237 11252 0.512688
5292 3964 0.550287
5413 28072 0.637338
5448 4663 0.682898
5545 13511 0.596604
5594 1161 0.681260
5677 11017 0.548631
5715 516 0.649462
5744 11225 0.656273
5779 15678 0.659187
5796 11120 0.628282
5833 5367 0.568133
5864 7928 0.676257
5869 11591 0.526048
5917 4913 0.655079
5939 11807 0.665743
5951 11840 0.652810
5953 22977 0.689528
5967 11864 0.602102
5969 11865 0.387094
5970 11866 0.499965
5975 28720 0.649517
6002 28623 0.684785
6074 12153 0.342052
6146 12360 0.686591
6157 5484 0.682959
6191 12458 0.471013
6257 11782 0.577589
6265 12681 0.476053
6317 28720 0.644322
6327 12860 0.533895
6348 12923 0.542391
6359 6092 0.511090
6366 12966 0.551622
6418 13138 0.617855
6429 13185 0.663747
6444 13203 0.657073
6465 13236 0.649985
6474 13335 0.575527
6489 6803 0.695933
6501 13431 0.673915
6508 13434 0.402088
6516 13488 0.615148
6521 13492 0.498690
6543 13582 0.460667
6548 13700 0.624504
6569 13732 0.674460
6593 13847 0.621687
6613 13950 0.633967
6615 13906 0.462120
6618 13853 0.532839
6641 12409 0.326071
6651 14011 0.520444
6669 14048 0.660080
6682 14025 0.497568
6702 14148 0.477570
6705 14054 0.436288
6725 14130 0.433417
6738 14223 0.467296
6753 21462 0.666643
6758 14225 0.667746
6786 14269 0.699771
6788 6811 0.694753
6825 14404 0.644294
6835 14436 0.447264
6840 14473 0.629999
6842 14439 0.649562
6853 825 0.516820
6854 19246 0.526900
6872 14536 0.625577
6874 14477 0.543855
6889 14558 0.496507
6891 14499 0.585158
6893 14481 0.602131
6900 14560 0.487737
6909 14504 0.590664
6928 14656 0.552456
6930 14586 0.620614
6932 14564 0.679209
6939 19519 0.559408
6943 14659 0.597645
6953 14746 0.433229
6963 14718 0.483777
6964 14719 0.680477
6993 14837 0.434523
6996 14884 0.578103
7020 14957 0.611246
7023 14844 0.620273
7024 14845 0.544931
7030 15002 0.468145
7040 14911 0.393805
7046 14941 0.634294
7058 15050 0.655016
7066 15127 0.587886
7079 15160 0.378480
7081 15073 0.550625
7085 6487 0.633091
7091 15161 0.456139
7113 15191 0.599436
7119 15032 0.612749
7136 15136 0.513749
7165 15224 0.502887
7175 15326 0.473530
7185 15352 0.364056
7186 15198 0.649293
7187 15199 0.329608
7191 15406 0.655361
7197 15201 0.583474
7203 15439 0.684482
7209 15412 0.449135
7215 15465 0.631618
7218 15468 0.547114
7219 15379 0.504054
7227 15414 0.598048
7230 15282 0.604066
7238 15578 0.635512
7247 15608 0.541032
7248 15609 0.527787
7249 15551 0.627646
7252 15471 0.513000
7254 15380 0.540054
7271 15632 0.574997
7272 15612 0.675251
7275 15422 0.538024
7285 15665 0.591799
7300 15744 0.650801
7306 15502 0.469274
7324 15778 0.685847
7329 10157 0.617555
7334 15723 0.628247
7359 15864 0.570087
7377 15645 0.549137
7390 15845 0.664177
7402 3395 0.670235
7428 15919 0.517873
7438 28664 0.521830
7447 16105 0.522239
7452 15998 0.450990
7455 15807 0.673462
7465 16075 0.664622
7467 15942 0.471838
7475 16135 0.664016
7490 16001 0.600318
7494 15922 0.642655
7496 16026 0.328710
7508 16217 0.391004
7515 16055 0.423674
7526 16730 0.664124
7532 16304 0.500062
7534 16254 0.697911
7557 16387 0.338609
7559 16282 0.531910
7560 16257 0.406405
7561 16185 0.656247
7578 16330 0.528314
7580 16307 0.627443
7582 16224 0.468414
7583 16162 0.651340
7607 16452 0.698107
7609 16409 0.627967
7626 16410 0.611868
7628 16360 0.482673
7631 16285 0.588746
7638 16439 0.440681
7640 16312 0.520261
7641 16313 0.684866
7662 16441 0.649714
7687 7426 0.634483
7717 16461 0.672813
7727 16532 0.572127
7743 16533 0.572248
7746 16511 0.484407
7754 16582 0.592268
7766 16703 0.594284
7780 16764 0.494697
7788 16444 0.517902
7822 16752 0.671844
7832 14213 0.552499
7843 16608 0.629984
7856 16677 0.404161
7880 16945 0.695883
7913 16948 0.425441
7923 17024 0.647387
7927 16881 0.485129
7946 16902 0.592469
7948 16882 0.403746
7975 17072 0.549758
7995 16981 0.592763
8004 17151 0.687009
8024 17198 0.697199
8025 17199 0.675158
8029 16888 0.563175
8039 17232 0.555594
8042 17128 0.660076
8045 16929 0.633231
8068 17235 0.597745
8069 17204 0.662471
8100 17182 0.620276
8125 17355 0.580875
8126 17332 0.430790
8131 19191 0.543686
8135 17560 0.640407
8141 17378 0.448054
8148 17134 0.590712
8149 17102 0.582853
8160 17461 0.645787
8181 17186 0.655313
8208 17409 0.566128
8212 17359 0.542971
8226 17410 0.523969
8227 17383 0.526298
8239 17508 0.483597
8241 17509 0.461077
8248 17563 0.555858
8249 17489 0.574963
8257 19128 0.665333
8261 17625 0.561327
8268 17414 0.610974
8277 17468 0.662822
8288 17448 0.627678
8305 15025 0.569104
8306 3881 0.689995
8329 17568 0.592812
8338 17627 0.530592
8344 17791 0.674211
8374 17651 0.638103
8392 17916 0.553711
8396 26641 0.644487
8402 17830 0.597850
8404 17725 0.580722
8412 17631 0.529645
8413 17595 0.651909
8427 17996 0.557136
8428 17857 0.673958
8429 17831 0.557245
8434 12594 0.687970
8445 17833 0.645656
8453 17798 0.563575
8460 18104 0.639981
8461 17877 0.485577
8469 17965 0.642878
8471 17879 0.585874
8473 17816 0.628577
8480 18040 0.647105
8483 3903 0.637797
8489 17967 0.520410
8497 17968 0.454789
8502 18043 0.595955
8509 18003 0.592790
8535 18233 0.660730
8539 3903 0.667055
8544 18255 0.635911
8547 17971 0.542608
8574 18186 0.693831
8575 18168 0.500082
8584 18187 0.562106
8617 18361 0.576089
8635 18435 0.663951
8639 18491 0.521702
8677 3903 0.685544
8680 1873 0.678833
8688 3903 0.595030
8689 18825 0.486293
8732 18751 0.382889
8743 18626 0.520235
8749 18786 0.570852
8761 18735 0.475332
8771 18675 0.618085
8774 18945 0.682503
8791 18789 0.451056
8798 18990 0.542920
8801 18790 0.646173
8808 18905 0.586151
8819 18966 0.388818
8825 19041 0.630477
8829 19037 0.497553
8831 18978 0.687025
8838 19060 0.526213
8839 19020 0.693112
8842 18992 0.578157
8843 18979 0.642932
8844 18957 0.650510
8845 18927 0.373240
8852 18808 0.482334
8859 18810 0.481935
8862 25981 0.661363
8863 19079 0.556009
8864 19061 0.625230
8866 19010 0.304138
8869 18980 0.613976
8874 18824 0.579886
8878 19069 0.369033
8883 18895 0.488525
8884 18882 0.239982
8899 19064 0.628640
8905 18865 0.641568
8915 19041 0.606133
8918 18993 0.603539
8919 18982 0.626275
8920 18944 0.572806
8924 18885 0.412771
8925 18886 0.619731
8932 19112 0.292268
8933 19113 0.590921
8935 19109 0.586041
8938 17560 0.686649
8942 18911 0.694320
8956 18958 0.602384
8957 18947 0.532157
8964 18913 0.669501
8968 19132 0.662642
8971 19116 0.672763
8973 19100 0.664505
8979 19119 0.649403
9003 19044 0.523720
9048 19055 0.586781
9049 22816 0.635360
9086 22816 0.504862
9092 27952 0.689979
9099 26478 0.691986
9114 19410 0.544710
9136 19502 0.561383
9173 4813 0.662490
9178 9890 0.691995
9195 19979 0.692865
9203 20057 0.415976
9214 20108 0.610887
9215 20109 0.374989
9240 20210 0.688907
9251 3973 0.577245
9261 20385 0.560154
9268 20115 0.414439
9279 17765 0.496604
9291 8134 0.665645
9296 23905 0.556764
9301 19982 0.639162
9313 24899 0.677652
9315 20640 0.570546
9347 20730 0.538770
9365 23009 0.650226
9369 20480 0.578532
9489 9088 0.609044
9518 21352 0.646343
9527 20957 0.643572
9533 20770 0.698999
9545 21149 0.551094
9552 7309 0.579029
9575 21297 0.631944
9590 21265 0.697889
9607 21384 0.392987
9640 11498 0.682764
9648 21573 0.632211
9683 21786 0.541712
9684 21787 0.633062
9688 21732 0.647013
9723 21308 0.615239
9736 22115 0.505125
9750 21877 0.443550
9760 22116 0.558269
9776 22145 0.669499
9784 22118 0.512796
9807 21982 0.642529
9809 21794 0.562162
9867 21857 0.558246
9883 21985 0.599562
9904 22033 0.523990
9944 22091 0.551352
9989 14981 0.627338
9998 22542 0.602098
9999 22238 0.647009
10052 23011 0.616114
10064 22643 0.662517
10079 22769 0.532453
10087 23064 0.686365
10136 27098 0.630438
10141 23210 0.617597
10144 23155 0.622025
10145 23092 0.428724
10181 23408 0.620546
10193 23233 0.676567
10282 23620 0.653553
10283 23329 0.534709
10351 23594 0.677477
10357 22091 0.586802
10366 23879 0.478819
10396 2443 0.664518
10416 23502 0.537919
10445 23538 0.594702
10461 23999 0.505857
10473 24046 0.681836
10484 5430 0.555344
10505 25054 0.658197
10516 24198 0.631634
10571 23833 0.546389
10586 24489 0.523796
10601 24608 0.692375
10665 24773 0.685100
10719 24831 0.620993
10722 24553 0.664932
10767 24651 0.599555
10772 24315 0.335221
10781 25128 0.521283
10792 25163 0.518604
10858 24963 0.600873
10873 24879 0.567875
10885 25130 0.636827
10899 25167 0.564839
10906 19246 0.629491
10917 25230 0.623740
10948 25342 0.480685
11045 25512 0.502257
11068 25660 0.643497
11084 25292 0.561800
11111 25456 0.526721
11139 27478 0.074832
11151 27505 0.680622
11167 25547 0.686106
11200 20959 0.678240
11242 25844 0.628626
11244 25392 0.691693
11254 28267 0.452770
11263 27601 0.650128
11275 27669 0.677000
11298 28313 0.692869
11319 28373 0.641479
11325 28243 0.618640
11327 4260 0.683013
11331 26506 0.642773
11350 27996 0.658721
11379 26620 0.580910
11404 26697 0.546766
11422 27696 0.560908
11448 26852 0.690138
11459 28744 0.650878
11460 3794 0.521919
11466 4398 0.540776
11470 28074 0.689752
11471 28745 0.594038
11476 26985 0.659337
11486 28793 0.650434
11496 28121 0.687730
11507 28516 0.608664
11522 28336 0.550091
11526 28676 0.558266
11529 28515 0.699355
11531 27867 0.668661
11537 28590 0.515865
11541 28553 0.699777
11547 28460 0.689144
