1455
80 4160 0.578500
193 6166 0.692770
222 2288 0.646004
258 1570 0.634529
269 7035 0.678418
315 880 0.607777
332 27541 0.699318
426 3234 0.667146
467 296 0.693355
525 693 0.284732
625 5604 0.677821
632 3976 0.677120
652 8572 0.678678
666 440 0.625539
700 1689 0.673147
709 5687 0.515840
821 26600 0.609624
856 27050 0.641022
916 1756 0.578086
922 6621 0.691805
985 4812 0.661356
1035 5986 0.596815
1112 7237 0.520965
1206 5943 0.693336
1264 1185 0.650163
1307 8952 0.640998
1423 8651 0.698482
1514 333 0.648304
1516 8970 0.672563
1572 25458 0.650084
1633 244 0.696228
1750 21810 0.597801
1757 8165 0.553530
1895 26191 0.695073
1896 488 0.677273
1958 7119 0.681393
2056 8009 0.615183
2094 5111 0.580609
2098 4086 0.582341
2181 3134 0.634392
2182 26450 0.612784
2215 10170 0.522671
2266 24274 0.674190
2330 2728 0.583532
2384 20569 0.674258
2427 125 0.657586
2443 7540 0.672454
2545 648 0.696114
2603 4963 0.504836
2763 4190 0.534008
2787 4191 0.688315
2873 3195 0.673757
2912 5448 0.582159
2914 3656 0.633944
2959 18971 0.667021
2979 2613 0.664747
3002 25043 0.665715
3015 827 0.645120
3017 2411 0.623047
3023 21336 0.660087
3042 4152 0.648623
3265 4729 0.678384
3297 5429 0.662275
3399 29623 0.566672
3434 4227 0.540535
3519 7477 0.695316
3547 7178 0.650697
3567 1039 0.575380
3577 590 0.495449
3713 4520 0.585342
3714 10845 0.693854
3719 6610 0.626699
3740 824 0.651745
3794 30062 0.685979
3902 4079 0.687320
3925 7590 0.494979
3973 23894 0.673129
4028 3134 0.684039
4035 4674 0.619531
4038 8106 0.659285
4222 6214 0.646030
4248 918 0.649359
4252 5642 0.689573
4286 5244 0.561613
4381 997 0.662517
4436 25462 0.695927
4452 6892 0.634114
4466 8292 0.681261
4529 442 0.674041
4531 5208 0.662458
4606 8776 0.626278
4611 1213 0.623996
4642 5136 0.689668
4772 1828 0.448966
4843 8974 0.682825
4885 7108 0.613936
4950 2044 0.635791
4966 2656 0.525987
4999 1828 0.596597
5014 21651 0.631150
5032 816 0.693316
5087 2855 0.684301
5157 19745 0.666775
5164 6030 0.485878
5172 3352 0.661137
5182 11465 0.648415
5244 13054 0.684877
5269 14133 0.593526
5309 6185 0.684909
5310 6170 0.657640
5311 10862 0.647040
5349 6198 0.669184
5355 7122 0.684340
5440 5849 0.673206
5451 13202 0.687810
5477 6279 0.379178
5478 6280 0.507348
5493 6373 0.653553
5529 18115 0.681399
5532 6371 0.591915
5555 6444 0.561658
5578 1563 0.677838
5580 6424 0.437438
5604 431 0.614265
5650 5032 0.696968
5658 8068 0.695084
5681 9913 0.692232
5768 2946 0.628478
5777 1006 0.680195
5790 6652 0.666554
5791 6674 0.678920
5804 6673 0.613655
5833 7202 0.695918
5852 4437 0.625180
5890 1391 0.675858
5893 431 0.635773
5898 6808 0.657261
5953 7590 0.595375
6020 7540 0.647979
6051 82 0.691784
6074 7179 0.642626
6122 11651 0.699675
6142 6812 0.684981
6158 7603 0.695906
6182 7052 0.586725
6240 7094 0.511616
6241 3712 0.594896
6266 7449 0.490811
6283 7151 0.313864
6301 16906 0.668612
6305 7173 0.682920
6306 7193 0.444211
6372 7216 0.680818
6374 7278 0.616107
6403 7657 0.636769
6418 11125 0.662720
6419 4616 0.699894
6533 7352 0.652315
6538 12063 0.698480
6545 4349 0.693021
6555 7430 0.688436
6613 3299 0.550177
6733 7982 0.680582
6771 3728 0.652660
6793 7710 0.635523
6822 7900 0.695332
6832 271 0.486152
6863 7735 0.696740
6865 3372 0.665725
6906 1362 0.691560
6914 8776 0.579846
6955 5043 0.614718
7063 24516 0.686323
7069 8028 0.696901
7092 8167 0.693003
7106 7449 0.666150
7182 7639 0.591404
7261 4400 0.643840
7298 8446 0.630728
7303 8548 0.435524
7306 7639 0.595090
7338 8469 0.496391
7356 8514 0.523974
7393 8365 0.592715
7409 4843 0.677349
7414 8674 0.567997
7487 8984 0.437641
7596 2853 0.691653
7847 7639 0.697450
7918 21809 0.639382
7944 9696 0.625285
7985 8998 0.676063
8011 9694 0.609629
8045 9693 0.475073
8065 9728 0.577711
8073 10623 0.632088
8151 9463 0.501218
8158 10039 0.561451
8187 9869 0.315718
8188 9890 0.569851
8204 22575 0.699199
8205 9914 0.537431
8323 10132 0.553808
8340 10129 0.594033
8348 23117 0.693036
8376 10277 0.617269
8405 9720 0.543440
8406 9771 0.346741
8437 3685 0.664251
8466 9770 0.266197
8473 21019 0.661409
8490 19940 0.522520
8492 5464 0.656905
8516 9837 0.476577
8518 10900 0.645423
8555 9864 0.616537
8580 2051 0.698058
8605 9970 0.557295
8606 10033 0.443448
8622 5687 0.636503
8630 10481 0.641955
8649 10344 0.517549
8650 10367 0.569812
8663 7659 0.666034
8729 10122 0.653263
8823 6423 0.632212
8840 10213 0.485140
8882 5626 0.593852
8950 10707 0.536579
8966 10780 0.647803
8983 10470 0.434701
8988 10828 0.544912
9030 10527 0.516700
9062 4375 0.699212
9100 10551 0.635617
9134 6069 0.605241
9145 11049 0.609442
9219 4306 0.682268
9241 11241 0.502414
9283 10618 0.550010
9288 11170 0.508704
9307 1447 0.692711
9328 11129 0.596173
9329 11203 0.328840
9337 6069 0.647841
9344 10797 0.529610
9351 11086 0.469790
9356 11363 0.683852
9403 10907 0.577648
9537 11065 0.490432
9565 5805 0.603817
9676 3134 0.648864
9683 11551 0.448459
9699 11299 0.594980
9757 8165 0.550590
9777 11521 0.656259
9779 11669 0.316329
9830 6473 0.661591
9847 11760 0.425160
9848 5810 0.661457
9853 8194 0.660138
9860 1451 0.668762
9883 11376 0.681537
9886 11695 0.553963
9926 11663 0.468001
9945 11718 0.472611
9948 11992 0.438091
9984 4672 0.698977
9997 7287 0.600539
10009 11838 0.576791
10030 11974 0.585238
10082 11734 0.671529
10083 11858 0.658854
10125 11895 0.646259
10128 12130 0.609914
10164 11990 0.490853
10206 12155 0.316988
10237 12228 0.506797
10253 12048 0.483883
10276 12154 0.511276
10278 12290 0.604912
10297 11891 0.474203
10301 12153 0.431492
10303 12252 0.499509
10327 12150 0.559573
10331 12287 0.513395
10368 15808 0.625213
10435 12459 0.523012
10436 12517 0.582063
10450 12248 0.552901
10452 12280 0.597889
10453 12361 0.476367
10479 12434 0.662322
10502 12457 0.581401
10526 12306 0.368252
10569 20756 0.654787
10600 12172 0.550416
10606 12667 0.581669
10610 5111 0.672389
10615 2243 0.645887
10646 12453 0.354983
10667 12399 0.531669
10671 12514 0.477632
10691 12513 0.664785
10749 204 0.689937
10755 12609 0.592175
10782 12786 0.684571
10802 12634 0.439326
10819 12633 0.505636
10820 12660 0.690240
10823 12721 0.610971
10832 2083 0.699298
10844 28326 0.676700
10848 23406 0.683165
10866 12631 0.627396
10867 12659 0.662130
10870 12751 0.403549
10871 12867 0.402558
10885 12687 0.455547
10888 12865 0.621947
10892 12996 0.667676
10894 13019 0.448016
10913 12812 0.400812
10915 12864 0.590935
10933 12863 0.462610
10952 12746 0.376553
10963 12608 0.617662
10965 12781 0.657909
10967 12908 0.583399
10972 2386 0.687174
10984 12606 0.531281
10989 13068 0.531783
10998 4778 0.680022
11004 12859 0.212289
11017 21871 0.629208
11028 13067 0.423744
11047 12742 0.688198
11050 13064 0.635249
11052 13065 0.441220
11067 4440 0.666848
11073 12626 0.499158
11105 12931 0.496540
11106 12932 0.475030
11121 4859 0.596719
11129 13035 0.451269
11142 23355 0.699351
11145 12993 0.500098
11147 13060 0.454667
11149 13120 0.396422
11151 13271 0.401982
11163 20247 0.686561
11170 12773 0.642580
11172 13091 0.652754
11174 13243 0.568763
11194 13058 0.693085
11196 13118 0.665084
11202 13344 0.643934
11219 13209 0.625011
11220 13267 0.591755
11225 27325 0.611127
11235 12803 0.608913
11242 13181 0.550474
11245 14972 0.397071
11279 5075 0.622119
11320 13553 0.444663
11367 13265 0.303564
11370 13369 0.687926
11391 7310 0.694271
11393 13293 0.301062
11394 13366 0.553121
11398 13496 0.678360
11412 13291 0.490784
11444 13431 0.517608
11445 13433 0.652625
11446 13494 0.483522
11473 13316 0.490432
11474 13339 0.459239
11486 28222 0.628950
11498 13400 0.472937
11499 13430 0.682934
11530 13398 0.674004
11531 13428 0.546167
11532 13524 0.608327
11556 13523 0.564280
11560 13682 0.606021
11584 13457 0.448000
11607 13546 0.562530
11609 13630 0.682577
11613 13836 0.594685
11628 13629 0.432401
11629 13763 0.591747
11644 15958 0.697376
11650 13490 0.459740
11667 13521 0.640942
11668 13570 0.698492
11684 13596 0.534457
11685 13597 0.252248
11689 13732 0.483022
11754 13730 0.605765
11757 13915 0.563280
11768 13486 0.651708
11773 13867 0.425695
11793 13592 0.427075
11800 14029 0.546842
11820 13567 0.590526
11821 13620 0.609406
11850 13754 0.552773
11857 14027 0.505208
11861 2713 0.647074
11866 9731 0.679026
11881 13726 0.592098
11883 13808 0.564794
11920 13804 0.496765
11921 13891 0.567272
11922 13932 0.488207
11943 13778 0.616121
11944 13931 0.569003
11964 13803 0.614192
11966 13890 0.679731
11969 13967 0.402992
11972 14141 0.626518
11976 14263 0.572720
11997 13965 0.668934
12023 13964 0.609094
12050 13823 0.684233
12053 13929 0.624877
12054 14172 0.678643
12055 14261 0.630616
12075 14313 0.512544
12076 14343 0.479607
12091 13886 0.483287
12094 13995 0.657395
12095 14023 0.580148
12113 13961 0.687214
12115 14136 0.604075
12116 14170 0.695764
12120 14393 0.391280
12139 14257 0.602487
12155 24674 0.662615
12159 14049 0.471923
12160 14165 0.448331
12161 14166 0.590466
12163 14256 0.469802
12164 14279 0.643966
12167 14457 0.658205
12177 13991 0.667079
12180 14134 0.659208
12187 14456 0.683975
12232 14097 0.576706
12235 14198 0.528616
12236 14219 0.627329
12237 14254 0.507579
12238 14338 0.641586
12262 14163 0.640880
12278 14335 0.569859
12279 14390 0.432770
12308 14475 0.544243
12321 14334 0.634670
12322 14422 0.478229
12324 14473 0.358627
12327 14531 0.466048
12329 14676 0.634761
12371 14331 0.636773
12376 14507 0.458943
12380 14675 0.657220
12401 14354 0.612466
12406 5170 0.696227
12413 7755 0.533383
12450 14581 0.532227
12451 14582 0.599531
12452 14658 0.424215
12465 14384 0.431073
12468 14526 0.388608
12470 14579 0.566824
12472 14736 0.600386
12538 14792 0.599147
12562 14621 0.379287
12566 14842 0.662292
12588 14499 0.460264
12591 14620 0.592871
12641 14822 0.412842
12669 14653 0.664697
12670 14701 0.506043
12671 14789 0.298200
12672 14872 0.370667
12682 7639 0.617069
12691 14757 0.345836
12694 14837 0.614397
12698 15037 0.524926
12700 15069 0.350750
12719 14755 0.631820
12722 15096 0.501014
12740 14870 0.475327
12741 14926 0.618877
12764 14754 0.625309
12766 14834 0.366099
12770 14925 0.498178
12793 14784 0.521568
12795 14867 0.363460
12796 14901 0.429876
12800 3195 0.691725
12815 14752 0.541166
12824 15123 0.658388
12839 10646 0.676169
12854 15014 0.572865
12856 15093 0.557792
12866 14831 0.435407
12867 14864 0.497782
12890 14921 0.561144
12893 15062 0.548902
12913 15208 0.438481
12916 15232 0.671891
12939 15010 0.670934
12959 15122 0.513774
13006 15121 0.651255
13011 3299 0.435508
13030 15119 0.319326
13037 15293 0.622373
13039 15399 0.658660
13040 15426 0.579871
13041 15460 0.471084
13055 15087 0.326889
13065 7639 0.693058
13078 15117 0.638117
13079 15171 0.569226
13104 15115 0.595835
13109 15489 0.478375
13128 15170 0.484174
13132 15253 0.683578
13156 15366 0.459801
13159 15553 0.598373
13177 15315 0.693276
13187 7639 0.587114
13218 15391 0.682653
13221 15614 0.669477
13224 15672 0.663283
13253 15389 0.690114
13256 15513 0.675963
13257 15610 0.621341
13260 15670 0.667954
13280 15388 0.673187
13282 15579 0.414920
13299 15341 0.511545
13301 15418 0.636382
13303 15483 0.594473
13304 15484 0.479793
13306 15638 0.693941
13325 15482 0.521201
13332 15665 0.559173
13334 15732 0.449239
13349 15480 0.515710
13350 15545 0.601020
13359 15784 0.670451
13378 15756 0.500960
13379 15757 0.688740
13382 15824 0.532660
13406 15877 0.675708
13407 15808 0.688799
13423 15602 0.660509
13424 15662 0.474156
13425 15821 0.598744
13446 15573 0.340136
13447 15599 0.590417
13449 15781 0.456272
13450 15818 0.639760
13476 15693 0.351685
13502 15570 0.474712
13506 15691 0.529039
13508 15816 0.630783
13538 15932 0.538023
13562 15656 0.669941
13563 15687 0.621216
13565 15778 0.463731
13566 15875 0.455615
13567 15903 0.614486
13569 15960 0.632691
13625 15749 0.634668
13630 15901 0.680893
13635 16015 0.641689
13656 15873 0.647830
13658 15928 0.690228
13659 15929 0.486139
13662 16014 0.431064
13665 8830 0.678286
13689 15872 0.633901
13695 16112 0.680844
13714 15773 0.588604
13743 15869 0.558374
13746 15952 0.551974
13749 16081 0.686788
13767 15926 0.436487
13771 16046 0.498948
13783 16008 0.651428
13785 16104 0.321929
13803 15924 0.340162
13805 15978 0.458672
13810 16166 0.676743
13860 16039 0.318140
13869 16333 0.574493
13890 12105 0.696594
13896 16273 0.596467
13899 19662 0.699339
13924 16184 0.693760
13926 16217 0.565947
13943 16162 0.659764
13965 16244 0.502684
13986 16180 0.565968
13987 16242 0.348475
14037 16214 0.626627
14041 16357 0.575366
14042 16379 0.649716
14043 16408 0.608683
14062 16356 0.466873
14064 16407 0.616406
14085 16238 0.410586
14092 16483 0.681244
14123 16453 0.307356
14140 16374 0.625853
14141 16429 0.403571
14142 16479 0.454328
14169 16538 0.623664
14194 16475 0.584952
14239 16451 0.414661
14240 16473 0.530496
14242 16619 0.659986
14244 16643 0.660142
14263 16587 0.375619
14303 16533 0.586190
14308 16714 0.614344
14316 18379 0.642456
14347 16614 0.448329
14370 16655 0.459701
14377 16757 0.430909
14401 16848 0.594612
14419 28032 0.634786
14423 16582 0.666277
14430 16847 0.695509
14458 16727 0.696711
14467 16703 0.475814
14470 16921 0.538183
14486 16676 0.497473
14549 16819 0.600626
14551 16840 0.413880
14555 16912 0.655129
14594 16864 0.609542
14609 16862 0.625173
14610 16909 0.490366
14613 16988 0.559607
14629 16888 0.614942
14643 16952 0.554527
14681 17027 0.371947
14684 17100 0.571053
14701 16907 0.622491
14702 16931 0.425467
14703 16932 0.549797
14730 10972 0.685651
14740 17003 0.511673
14741 17097 0.416799
14742 17098 0.410212
14764 17042 0.694649
14765 17095 0.515307
14785 17146 0.416381
14788 17167 0.609901
14790 17190 0.644077
14808 17142 0.614255
14811 17258 0.668939
14823 17093 0.581414
14827 17184 0.387621
14829 17185 0.612971
14832 17236 0.567049
14848 17018 0.519037
14853 17118 0.580775
14900 17253 0.595530
14905 16692 0.611073
14933 17292 0.660635
14952 17230 0.594060
14960 847 0.694670
14976 17317 0.696086
14995 17176 0.680537
15017 17339 0.320699
15040 17337 0.498972
15042 17363 0.440861
15065 17334 0.614711
15066 17385 0.666985
15068 17429 0.503174
15069 17472 0.695622
15093 17361 0.383851
15097 17404 0.660266
15102 17497 0.593176
15118 17427 0.458267
15136 4419 0.699783
15152 17382 0.494851
15154 17452 0.515263
15156 17490 0.630241
15157 17512 0.331890
15180 17424 0.621387
15184 17510 0.595696
15186 17533 0.596791
15211 17398 0.426960
15212 17399 0.552433
15213 17468 0.435580
15233 17375 0.435819
15234 17447 0.514900
15235 17465 0.501086
15239 17557 0.396017
15254 17464 0.614422
15258 17508 0.359821
15288 17528 0.608248
15317 17553 0.660934
15318 17574 0.697351
15321 17596 0.671133
15323 17618 0.468689
15337 12025 0.652870
15340 17549 0.558815
15343 17595 0.480301
15366 17527 0.455250
15373 17664 0.510292
15394 17570 0.487523
15397 17661 0.609495
15400 17683 0.598425
15402 19662 0.577305
15414 23115 0.666684
15449 12683 0.678104
15453 17658 0.639632
15454 17680 0.565376
15455 17681 0.633510
15457 17701 0.413152
15460 17754 0.479329
15488 17655 0.480323
15492 17678 0.358494
15514 17724 0.625455
15541 17747 0.682111
15596 17742 0.613562
15603 17807 0.458347
15625 17694 0.682352
15628 17805 0.584606
15629 17873 0.601594
15654 17739 0.364508
15658 17827 0.586430
15663 17870 0.653445
15681 17799 0.439384
15708 17798 0.610712
15710 17821 0.624433
15712 17845 0.532896
15714 17865 0.640643
15715 17866 0.552532
15717 17889 0.554355
15764 17796 0.591467
15766 17817 0.462454
15771 17903 0.348375
15810 17839 0.506481
15816 17940 0.550583
15818 17963 0.615647
15820 17993 0.559050
15838 17918 0.589428
15883 17954 0.579740
15886 18056 0.691628
15907 17986 0.689216
15908 18008 0.597344
15910 18034 0.648664
15930 18032 0.266467
15952 18030 0.429260
15953 18031 0.697582
15954 18069 0.607740
15986 18027 0.434173
16035 18025 0.676191
16042 18130 0.438535
16044 18157 0.574993
16045 18158 0.533242
16068 18181 0.632624
16096 18156 0.575646
16099 18179 0.583542
16102 18246 0.481497
16139 4608 0.622458
16149 18174 0.628381
16152 18227 0.562817
16197 18221 0.686434
16212 18243 0.567340
16242 18284 0.554203
16303 18415 0.513155
16343 18346 0.632472
16344 18347 0.573520
16346 18411 0.503943
16348 18452 0.670581
16381 18405 0.571945
16382 18434 0.637151
16384 18435 0.353480
16405 15138 0.597548
16422 18372 0.508360
16430 18447 0.597512
16446 18442 0.572326
16447 18443 0.296770
16448 18466 0.607735
16451 18497 0.569413
16459 25867 0.687424
16469 18492 0.584086
16493 956 0.641490
16498 18490 0.682288
16511 24491 0.662425
16521 18539 0.580047
16524 18584 0.654230
16575 18607 0.446140
16594 18604 0.450636
16597 18653 0.516604
16617 18575 0.483755
16618 18601 0.691392
16638 18628 0.524395
16639 18630 0.671962
16662 18623 0.659876
16664 18663 0.612667
16665 18666 0.575884
16693 18662 0.427170
16695 18684 0.564624
16700 1475 0.628248
16739 18682 0.678365
16743 18730 0.532031
16744 18731 0.675867
16813 18726 0.525990
16815 18746 0.633162
16816 18747 0.680106
16817 18761 0.682122
16822 18825 0.666815
16824 18843 0.607127
16832 26070 0.692901
16853 18779 0.391004
16876 18858 0.611796
16903 19897 0.683402
16913 18895 0.572943
16994 18912 0.581818
17017 18939 0.654312
17019 18962 0.644163
17037 18907 0.526895
17085 19001 0.508875
17143 19071 0.566470
17144 19072 0.512109
17171 19088 0.344972
17224 19063 0.583901
17228 19124 0.544961
17246 19104 0.607178
17250 19178 0.644704
17265 19172 0.570598
17267 19173 0.680675
17290 880 0.655378
17291 19121 0.625978
17296 19192 0.603547
17321 19219 0.697297
17393 19256 0.445185
17501 19364 0.579371
17515 14883 0.516152
17560 19379 0.615980
17580 19396 0.689144
17598 19371 0.681467
17621 3636 0.665275
17640 19463 0.573222
17666 19453 0.634382
17690 19474 0.566961
17709 19452 0.576786
17718 3637 0.626971
17738 19485 0.607620
17761 19525 0.505815
17765 19531 0.650848
17791 1675 0.684043
17826 19579 0.602748
17845 19612 0.603627
17884 19650 0.472821
17907 19628 0.540717
17910 19647 0.410427
17913 19668 0.683649
17939 19689 0.609869
17953 19708 0.406258
17986 19681 0.562246
17989 19716 0.544885
17991 19718 0.493741
18032 19747 0.694353
18033 19762 0.628502
18035 19765 0.575853
18065 19783 0.438159
18085 19802 0.430212
18102 19816 0.400793
18119 19793 0.661625
18121 19834 0.525067
18135 19840 0.667723
18136 19843 0.652081
18160 19852 0.526588
18200 19883 0.497687
18201 19885 0.446518
18202 19886 0.365881
18203 19887 0.348244
18223 19867 0.643565
18245 19919 0.539363
18247 19924 0.410612
18250 19926 0.497912
18304 19935 0.559806
18307 19969 0.641761
18308 19970 0.220148
18316 3375 0.628513
18337 19983 0.448561
18352 19999 0.545894
18388 20052 0.560459
18405 20063 0.639332
18423 20061 0.319787
18446 20079 0.605434
18465 20097 0.638997
18466 20098 0.626623
18468 17443 0.416970
18478 20375 0.599395
18866 19132 0.694504
18984 20497 0.220145
18985 20498 0.676726
19006 20522 0.600167
19045 17088 0.475322
19049 20580 0.555784
19057 20593 0.632634
19058 20594 0.689195
19067 20606 0.623174
19085 20637 0.368805
19106 10951 0.608580
19124 20711 0.496591
19149 20782 0.499939
19154 18997 0.452857
19158 20928 0.460421
19163 20830 0.528469
19173 20929 0.600973
19185 20952 0.575946
19190 20971 0.432655
19201 21024 0.473295
19203 21025 0.557834
19212 21061 0.690454
19217 21076 0.674053
19221 21094 0.580328
19223 21096 0.678946
19227 21112 0.492262
19235 21157 0.629829
19246 20268 0.639613
19271 21211 0.669982
19274 21247 0.483687
19278 21228 0.668164
19284 21302 0.688031
19287 21251 0.594769
19293 21305 0.681822
19309 21373 0.692545
19312 21351 0.654411
19322 21419 0.572983
19329 21331 0.684287
19336 21423 0.403564
19337 21424 0.555589
19346 21473 0.577111
19358 21536 0.401500
19362 21476 0.551555
19373 21452 0.586417
19385 21479 0.574839
19393 21551 0.642130
19415 21634 0.399438
19417 21597 0.613520
19435 21706 0.190707
19445 21600 0.686845
19448 21765 0.660599
19460 21764 0.503671
19464 21769 0.665840
19467 10896 0.698716
19470 21640 0.607719
19473 20928 0.599248
19476 21789 0.459372
19491 21772 0.373684
19494 21716 0.447052
19500 21023 0.675749
19506 21810 0.627363
19516 25777 0.681419
19520 21881 0.569263
19524 21855 0.664677
19525 21840 0.463429
19527 21813 0.456473
19539 19510 0.597986
19547 21945 0.587643
19551 21911 0.624077
19552 21884 0.399470
19560 21944 0.596874
19564 21979 0.472980
19578 22010 0.502604
19579 21981 0.639400
19584 21948 0.590153
19586 21918 0.513798
19590 21843 0.597260
19598 22032 0.570196
19600 22033 0.387267
19614 21864 0.482073
19621 22058 0.554571
19623 21921 0.603722
19628 22053 0.687741
19631 22093 0.619581
19636 22016 0.664731
19644 22090 0.577922
19650 22124 0.653063
19670 22126 0.673465
19677 22019 0.551641
19685 22170 0.646758
19689 22174 0.588787
19702 22165 0.572982
19716 22229 0.416277
19719 22146 0.551811
19738 22257 0.666455
19753 22258 0.643095
19767 23032 0.698514
19775 22309 0.648673
19776 22310 0.458152
19800 22289 0.667893
19806 22205 0.504115
19807 22206 0.655791
19822 22354 0.511647
19834 22237 0.652319
19874 22389 0.592005
19896 22365 0.568182
19912 22482 0.563571
19946 22413 0.566845
19958 22517 0.607286
20002 22493 0.361510
20051 22602 0.420492
20054 22543 0.362271
20115 5578 0.580049
20131 22751 0.495528
20132 22724 0.574481
20170 22754 0.679868
20190 22769 0.389681
20230 22775 0.665329
20231 22776 0.510078
20233 22731 0.671323
20266 22821 0.647985
20270 22856 0.693383
20272 22858 0.529749
20312 22859 0.634871
20313 22860 0.552778
20316 22734 0.642651
20331 22881 0.597425
20348 22940 0.328023
20396 22993 0.440357
20399 22965 0.538990
20400 22966 0.592590
20402 22863 0.609621
20423 23012 0.689627
20426 22945 0.652902
20429 22836 0.528882
20464 23058 0.551000
20497 22918 0.536292
20507 23123 0.638240
20521 23154 0.673209
20526 22997 0.497839
20529 22999 0.525179
20551 23092 0.595887
20620 23255 0.686595
20623 23256 0.586537
20625 23229 0.692978
20627 23186 0.491296
20631 23098 0.509161
20654 23278 0.574051
20656 23280 0.658279
20684 23133 0.628490
20701 23306 0.645913
20723 23352 0.408657
20729 23190 0.476127
20745 23382 0.654679
20753 23354 0.627576
20755 23356 0.638209
20756 23358 0.693364
20774 1664 0.659483
20782 23426 0.665595
20849 23514 0.542445
20863 23536 0.633002
20864 23537 0.565246
20867 23465 0.513496
20920 23468 0.528805
20942 23632 0.694865
20949 23433 0.619189
20967 23635 0.421772
20998 23636 0.528359
21002 23544 0.499580
21007 23475 0.603730
21025 23706 0.474271
21053 23735 0.329077
21108 23797 0.582038
21109 23798 0.690177
21136 23712 0.469922
21139 23682 0.683396
21143 23613 0.613386
21161 23846 0.632680
21185 23877 0.621478
21212 23899 0.579464
21249 20465 0.662261
21281 23949 0.699126
21282 23951 0.646137
21285 23927 0.579856
21296 99 0.665997
21348 23880 0.329404
21368 24033 0.543440
21371 24006 0.544107
21372 23984 0.645739
21398 24067 0.643962
21402 24074 0.624822
21408 23933 0.665949
21480 24125 0.623028
21510 24177 0.609435
21549 26029 0.685387
21550 20928 0.258195
21566 24131 0.600998
21593 24281 0.573373
21594 24254 0.611480
21602 7022 0.655835
21618 24306 0.666638
21639 24308 0.646682
21649 24115 0.605963
21713 24397 0.625267
21715 24398 0.691291
21720 24332 0.699597
21749 24428 0.675455
21750 24429 0.697817
21757 24230 0.537238
21774 24454 0.567656
21777 24403 0.563409
21783 24232 0.579517
21784 24233 0.513649
21810 24480 0.669286
21815 24459 0.482843
21839 24487 0.551800
21862 24530 0.645555
21864 24489 0.551108
21870 24374 0.609666
21871 24375 0.653826
21899 24557 0.567414
21906 24490 0.575293
21910 24338 0.469735
21927 24590 0.451470
21931 24592 0.498965
21932 24593 0.584140
21936 24437 0.605144
21938 24358 0.679883
21959 24619 0.580077
21963 24595 0.577177
21970 24438 0.679520
21974 24378 0.514453
22002 24409 0.658312
22021 24648 0.485529
22072 24711 0.677119
22080 24495 0.682406
22101 24772 0.391078
22107 24750 0.519946
22121 3026 0.684083
22134 24795 0.694030
22169 24752 0.635801
22187 24853 0.335407
22195 24714 0.560403
22221 24804 0.632442
22225 24630 0.586901
22250 24901 0.669910
22252 24857 0.650516
22311 24904 0.669098
22334 24993 0.624839
22335 24994 0.641650
22338 24970 0.563540
22341 24806 0.698264
22364 24998 0.511899
22370 24780 0.668326
22383 25236 0.616382
22423 25111 0.674142
22424 25087 0.643127
22504 25060 0.509939
22511 24911 0.599217
22557 25205 0.619898
22564 25006 0.534249
22574 28023 0.556652
22584 25247 0.498968
22595 25118 0.560912
22606 25153 0.677549
22672 25354 0.505957
22674 25322 0.696996
22676 25323 0.654640
22678 25279 0.550964
22710 25351 0.662876
22786 25210 0.667214
22809 25331 0.574367
22814 20161 0.694702
22831 25516 0.487290
22835 25360 0.683599
22837 25333 0.534985
22861 25308 0.577063
22889 25486 0.462943
22914 25598 0.447586
22947 25574 0.476248
22949 25459 0.675279
22973 25653 0.484508
23009 22004 0.357017
23031 25551 0.693420
23061 25493 0.628787
23086 25603 0.656849
23118 25800 0.582945
23120 25802 0.615999
23121 25803 0.612106
23122 25804 0.621623
23123 25772 0.647711
23128 25554 0.614214
23137 28962 0.622046
23143 25834 0.695695
23144 25835 0.649582
23149 25685 0.611915
23173 25775 0.552072
23178 25605 0.619198
23195 25899 0.617966
23222 25920 0.504130
23223 25921 0.555530
23248 25950 0.665230
23257 25812 0.674897
23282 25973 0.568912
23289 25875 0.582153
23290 25876 0.691531
23315 25841 0.497793
23316 25779 0.590704
23350 25816 0.639854
23368 26034 0.532447
23391 26086 0.651432
23392 26087 0.616526
23395 26089 0.547395
23397 26090 0.529805
23398 26092 0.678118
23400 26058 0.651454
23404 846 0.673316
23406 25908 0.504116
23421 26122 0.562460
23423 26124 0.524439
23431 28619 0.682131
23452 26094 0.488405
23480 26186 0.556532
23481 26188 0.485483
23516 26062 0.502285
23522 25958 0.594923
23548 26226 0.568276
23574 26254 0.659760
23575 26255 0.435525
23578 26258 0.626218
23579 26259 0.495997
23582 26205 0.637504
23585 26100 0.677420
23633 26316 0.568526
23636 26289 0.640095
23643 26104 0.440262
23670 26353 0.605156
23678 26134 0.544672
23732 26412 0.601570
23733 26415 0.365359
23780 26448 0.460849
23783 26388 0.575434
23787 26191 0.609138
23807 26477 0.487900
23815 26238 0.515100
23816 26239 0.671695
23841 26516 0.588540
23927 26493 0.694633
23930 26453 0.579267
23935 26362 0.604782
23953 14868 0.585561
23955 25992 0.663660
23961 26631 0.549420
23963 26576 0.625441
24017 26549 0.565214
24037 26687 0.512727
24038 26688 0.694731
24089 26805 0.570340
24092 26716 0.669479
24093 26717 0.591334
24101 25428 0.671799
24112 26806 0.444902
24118 26690 0.640046
24121 26555 0.581304
24169 26809 0.577461
24171 26747 0.482758
24221 26927 0.670559
24229 26776 0.603897
24252 26876 0.533126
24275 26974 0.450321
24276 26951 0.556241
24282 26858 0.644746
24378 26978 0.466321
24407 27115 0.550015
24409 27079 0.530110
24414 26914 0.538492
24439 27142 0.589474
24441 27119 0.690635
24476 27196 0.559960
24511 27222 0.383126
24514 27223 0.692425
24521 27031 0.608254
24523 27033 0.658498
24541 27244 0.630847
24543 27247 0.436337
24544 27249 0.543674
24548 27120 0.559308
24566 27272 0.699683
24567 27273 0.583867
24596 27276 0.618612
24599 27224 0.644367
24634 27303 0.651713
24638 27204 0.644332
24639 27205 0.610555
24641 11304 0.684287
24683 27395 0.615850
24690 26043 0.662642
24737 27466 0.634788
24738 27468 0.631738
24747 27182 0.666842
24783 27495 0.512388
24814 27541 0.411805
24816 27543 0.584853
24862 27546 0.612320
24863 27497 0.622091
24870 27348 0.666011
24888 27590 0.493441
24895 27564 0.618499
24927 27595 0.690409
24935 27476 0.634279
24936 27445 0.683558
24971 27677 0.641957
24979 27478 0.504101
24999 27479 0.655386
25053 27758 0.559172
25065 27520 0.565410
25067 5336 0.693009
25082 27783 0.608348
25090 27522 0.697423
25112 27808 0.656417
25113 27811 0.516254
25151 27765 0.636426
25158 27621 0.432509
25188 27872 0.618151
25197 21966 0.681439
25274 27921 0.561017
25302 27962 0.623037
25310 27944 0.560885
25315 27792 0.625444
25334 27970 0.690207
25356 19627 0.693831
25383 28063 0.588193
25385 28020 0.573710
25390 27822 0.583699
25419 27877 0.428622
25504 28111 0.505403
25560 28238 0.558953
25570 17244 0.681037
25578 18997 0.625049
25648 28271 0.679374
25684 28195 0.561863
25685 28175 0.554414
25708 28353 0.466486
25737 28274 0.608820
25761 28411 0.691700
25765 28378 0.589526
25768 28381 0.696464
25800 28449 0.689428
25858 28333 0.654551
25890 28477 0.511982
25893 28309 0.542841
25895 23489 0.471060
25945 28589 0.511310
25970 28593 0.349413
25974 28422 0.586386
25975 28423 0.679911
25980 28362 0.624650
26002 28387 0.636736
26023 28672 0.509403
26025 28541 0.523366
26030 28457 0.530090
26034 28427 0.636066
26048 28728 0.630186
26052 28625 0.602629
26081 28564 0.591560
26105 28778 0.449734
26113 28731 0.615551
26159 28709 0.615093
26207 28874 0.417827
26233 28877 0.604982
26236 28837 0.670093
26282 28937 0.603486
26289 28764 0.676645
26301 25921 0.666943
26313 28915 0.699419
26338 28942 0.660682
26369 28918 0.685599
26387 28943 0.514195
26392 20928 0.619137
26644 1796 0.667034
26665 29081 0.622087
26688 29313 0.652892
26694 29194 0.552279
26695 29150 0.450752
26771 29288 0.549673
26773 29249 0.585099
26800 29225 0.616834
26823 29266 0.455657
26842 29446 0.557288
26902 29493 0.534446
26906 29324 0.612284
26907 20928 0.488313
26932 29451 0.440708
26933 29452 0.482637
27042 29572 0.677668
27122 29543 0.470620
27148 29645 0.597859
27242 29681 0.615361
27320 29727 0.473405
27397 29771 0.644974
27478 28933 0.391512
27559 29867 0.579006
27560 9739 0.696216
27600 29217 0.539188
27623 28958 0.687477
27624 29217 0.539023
27644 29912 0.646087
27645 30122 0.430369
27669 29823 0.614452
27731 29876 0.517554
27732 29823 0.529148
27761 26572 0.627094
27785 24406 0.673457
27839 29606 0.614721
27848 24223 0.674286
27866 29606 0.615681
27877 13601 0.689016
27949 29875 0.492154
27973 29753 0.567040
27996 30060 0.658775
28051 17255 0.643123
28121 30065 0.639235
28166 29040 0.618151
28208 29041 0.487138
28288 252 0.674159
28291 29875 0.459871
28312 29606 0.610897
28373 29839 0.500764
28419 29839 0.354750
28438 29388 0.610972
28459 29981 0.455454
28512 30075 0.560944
28572 30119 0.627559
28606 29770 0.655627
28628 30080 0.631219
28629 29364 0.676658
28642 29218 0.360263
28661 30054 0.664694
28694 29875 0.461726
28700 8190 0.603952
28745 29807 0.660600
28751 29644 0.633881
28756 30070 0.505433
28766 29069 0.650578
28770 30117 0.655395
28773 30076 0.673544
28779 30015 0.697177
28780 29838 0.275549
28790 29185 0.493595
