600
3 9011 0.653131
5 9011 0.639039
9 9011 0.664164
10 135 0.697077
13 9011 0.632056
15 9011 0.625840
19 9011 0.680632
21 9011 0.670141
23 9011 0.634016
24 163 0.694582
25 9011 0.638267
29 9011 0.644537
31 9011 0.660284
35 9011 0.642607
43 9011 0.657299
44 140 0.589509
45 9011 0.695105
47 9011 0.651189
49 9011 0.653286
51 9011 0.640971
53 9011 0.651914
55 9011 0.664548
57 9011 0.635598
59 9011 0.631839
61 9011 0.659719
65 9011 0.668851
70 103 0.567855
71 9011 0.640083
73 9011 0.629602
75 9011 0.657871
79 9011 0.661416
87 9011 0.693160
91 9011 0.618371
97 9011 0.639153
106 9011 0.624831
108 9011 0.657606
113 9011 0.686920
128 504 0.620665
153 5230 0.582808
172 411 0.565403
221 1314 0.612247
234 194 0.462815
243 2120 0.629758
288 6142 0.590649
296 1517 0.670702
305 1461 0.667659
322 194 0.638407
325 1521 0.582725
334 1489 0.581181
343 1526 0.652593
363 1609 0.650808
365 4592 0.638244
367 1609 0.605071
371 5121 0.412664
374 1678 0.547198
379 1709 0.423438
380 1726 0.357746
383 1728 0.491899
390 1753 0.336543
394 222 0.620901
402 5547 0.654030
409 2446 0.556591
430 2446 0.631631
444 2179 0.616939
465 2068 0.334091
490 2079 0.275272
504 2097 0.258143
527 2101 0.486174
529 10260 0.620205
532 8875 0.597654
539 2136 0.686581
540 5333 0.678046
544 1978 0.673276
564 5333 0.255753
573 2170 0.539036
576 2176 0.606709
578 2083 0.687067
580 3736 0.492438
608 2093 0.631956
613 2110 0.575962
621 271 0.590863
623 3511 0.632270
624 3400 0.677971
626 4420 0.502337
636 2161 0.535204
645 3400 0.457559
648 2253 0.302931
651 2260 0.686207
669 2093 0.576033
675 3422 0.626435
688 3400 0.642186
693 2305 0.278867
702 3574 0.625155
708 2295 0.680595
709 2303 0.472698
720 3248 0.659105
755 2446 0.605085
772 5545 0.680090
777 3574 0.688157
785 2447 0.673404
815 2294 0.498736
817 2321 0.538067
822 222 0.654355
844 5230 0.523977
874 194 0.604193
885 2531 0.696461
890 2444 0.681144
898 2483 0.264398
922 2519 0.453365
953 4059 0.621147
959 9036 0.672090
965 6191 0.630123
979 2582 0.400168
980 2607 0.360928
981 2608 0.478513
991 2185 0.668459
1003 2629 0.566034
1004 2787 0.646825
1012 2639 0.544728
1022 6821 0.661307
1033 2767 0.467133
1039 6219 0.694328
1071 4814 0.639392
1088 2731 0.392801
1091 3029 0.528719
1099 3066 0.583613
1105 2744 0.565648
1108 2810 0.689187
1136 2783 0.495222
1138 3039 0.582682
1144 6360 0.609191
1146 2835 0.404185
1147 3037 0.687854
1168 2902 0.660626
1174 3038 0.336541
1187 3055 0.419172
1235 3114 0.483004
1245 3154 0.551854
1255 3191 0.534811
1264 3207 0.549719
1285 409 0.620730
1297 6059 0.650216
1299 2960 0.638873
1310 3237 0.238093
1345 3312 0.634349
1353 3311 0.597635
1362 3413 0.476501
1391 3112 0.669024
1392 3375 0.592420
1426 3321 0.684996
1454 3454 0.683469
1472 3250 0.633557
1484 3400 0.546667
1486 3591 0.364439
1487 3497 0.402192
1518 3563 0.287166
1538 3635 0.433727
1556 3647 0.630188
1565 3621 0.670247
1577 3660 0.668992
1587 3659 0.585661
1596 3646 0.584799
1614 3740 0.544111
1616 3756 0.548854
1628 3726 0.334631
1633 2179 0.683319
1637 3591 0.371041
1647 3400 0.645457
1649 6469 0.595229
1652 3712 0.688196
1677 3825 0.592234
1680 6020 0.579985
1703 3750 0.504319
1706 3824 0.692844
1715 3881 0.690673
1737 3400 0.407691
1741 3855 0.545206
1755 3875 0.452947
1758 3947 0.520582
1771 3904 0.663737
1793 3903 0.525756
1859 489 0.668622
1868 4063 0.409361
1875 4060 0.507316
1881 7233 0.641426
1893 6191 0.503362
1911 4115 0.563296
1925 8012 0.446658
1948 4272 0.636497
1974 4253 0.676150
1979 4296 0.665931
2003 4713 0.610285
2007 4318 0.523713
2021 4292 0.597585
2023 4293 0.288146
2026 4367 0.428370
2050 4213 0.464173
2052 4354 0.437377
2066 2626 0.698645
2077 6026 0.693529
2090 4533 0.559579
2095 4510 0.433054
2096 4511 0.655427
2115 4489 0.663877
2120 1875 0.647217
2133 4558 0.510582
2139 4610 0.490269
2158 2179 0.634019
2167 6191 0.594430
2186 2055 0.581160
2191 4694 0.672073
2192 4697 0.320913
2195 1788 0.678080
2199 6191 0.270786
2200 4695 0.402595
2212 4400 0.696782
2226 4161 0.671035
2241 4366 0.559748
2315 4951 0.667052
2325 4795 0.652496
2326 4735 0.564975
2327 4919 0.605037
2353 6191 0.201551
2354 6936 0.693332
2364 7653 0.681323
2367 4951 0.633762
2380 5091 0.626148
2403 5082 0.561284
2447 5223 0.328697
2449 5223 0.646293
2462 5224 0.663198
2463 5225 0.654755
2480 5129 0.654503
2523 5200 0.522616
2536 5262 0.465472
2539 5272 0.580410
2545 5271 0.571763
2549 6460 0.677452
2560 11533 0.680462
2568 5822 0.521023
2573 5301 0.507860
2574 5302 0.682732
2576 5346 0.584806
2579 5380 0.492739
2582 5394 0.448863
2585 5214 0.638581
2586 5357 0.485842
2591 5392 0.545101
2593 5407 0.621770
2594 5408 0.349075
2602 5406 0.402811
2606 5404 0.485514
2611 5427 0.622369
2617 5437 0.408544
2618 5437 0.591778
2632 5436 0.391123
2633 5463 0.625669
2634 5464 0.506228
2635 5496 0.499142
2640 5476 0.652998
2642 5524 0.404858
2651 5513 0.225762
2666 5511 0.314755
2667 5512 0.666176
2668 5547 0.549322
2674 5535 0.556099
2675 5555 0.597649
2682 5531 0.397764
2685 5545 0.478398
2695 5568 0.496497
2698 5649 0.662364
2704 3705 0.695842
2715 2170 0.680570
2728 5613 0.381039
2739 5697 0.567314
2747 5672 0.267289
2750 1334 0.697801
2755 5711 0.436816
2756 5719 0.570252
2776 5768 0.504524
2781 5816 0.613552
2784 5717 0.617345
2795 5784 0.455546
2803 5776 0.332521
2808 5774 0.594196
2842 5812 0.639341
2843 5854 0.507364
2845 11485 0.560470
2853 5810 0.570279
2855 5852 0.359959
2888 6583 0.653816
2892 5910 0.571278
2893 5917 0.489423
2905 5915 0.429363
2909 5914 0.499793
2911 5957 0.535803
2914 5946 0.489966
2920 5930 0.321707
2922 5945 0.683526
2925 5914 0.661809
2930 5956 0.693083
2932 5977 0.662228
2934 6019 0.421778
2938 5943 0.620605
2953 5942 0.373425
2967 6054 0.648665
2979 3027 0.626591
2982 6027 0.432964
2990 6088 0.581474
3002 6583 0.509897
3003 6060 0.589532
3004 6061 0.588797
3005 6062 0.442956
3010 6107 0.213956
3017 6040 0.464641
3024 6105 0.382281
3026 6085 0.587390
3031 6143 0.577872
3032 6144 0.647291
3037 6095 0.665288
3039 6142 0.691176
3060 6583 0.565694
3064 6121 0.313346
3074 6173 0.542923
3083 6147 0.526462
3088 6198 0.478367
3090 929 0.634152
3101 1117 0.669866
3105 6216 0.684390
3110 6184 0.519610
3111 6196 0.670400
3113 6215 0.334019
3117 6169 0.347926
3118 6195 0.668834
3119 2446 0.694390
3125 6200 0.520708
3127 6213 0.451744
3128 6241 0.500021
3129 6242 0.537800
3132 6212 0.407726
3145 6211 0.632209
3148 6236 0.635256
3163 6279 0.651025
3173 6299 0.562152
3179 6231 0.655087
3187 6313 0.361452
3192 6259 0.633911
3200 6323 0.297993
3204 6321 0.509946
3206 6284 0.698087
3208 6312 0.536401
3209 6320 0.368764
3210 6345 0.605140
3219 6353 0.620453
3222 6329 0.659984
3224 6352 0.264749
3226 6311 0.514983
3228 6337 0.521161
3233 6371 0.545764
3236 6363 0.670409
3238 6369 0.555982
3240 6391 0.447090
3246 6720 0.623763
3249 6378 0.364554
3251 6389 0.625372
3255 6376 0.345628
3259 6401 0.332017
3261 6373 0.364814
3270 6385 0.687667
3271 6408 0.579713
3278 6396 0.525572
3279 6397 0.443794
3284 6406 0.548718
3285 6407 0.471063
3295 6405 0.461316
3297 6425 0.583832
3298 5668 0.611667
3306 6413 0.636582
3321 3329 0.634998
3327 6441 0.306860
3329 6473 0.342936
3338 6477 0.573147
3346 6485 0.567116
3349 1432 0.592900
3355 2281 0.649764
3357 6490 0.348322
3374 6503 0.676171
3379 6518 0.532251
3382 8589 0.598526
3390 5909 0.513613
3398 6523 0.307390
3415 6567 0.695119
3419 4213 0.684072
3439 6580 0.555858
3445 6582 0.373768
3471 6595 0.188831
3498 6647 0.663478
3504 6674 0.560726
3511 5150 0.631911
3518 6657 0.570448
3525 6662 0.238528
3530 6698 0.503691
3535 6661 0.574863
3536 6674 0.446288
3537 6695 0.456201
3549 6583 0.615971
3562 6709 0.634719
3566 6734 0.375086
3576 3368 0.685066
3584 6728 0.367411
3588 6755 0.434604
3603 6790 0.623152
3611 6765 0.507317
3613 6779 0.490237
3652 6821 0.516498
3660 6809 0.534446
3683 6844 0.624074
3684 6845 0.526549
3689 6868 0.581926
3690 6869 0.505993
3696 6888 0.251627
3706 6895 0.650109
3707 6896 0.658710
3710 6883 0.430421
3814 9205 0.686546
3843 7138 0.676893
3862 7340 0.603395
3865 7357 0.443383
3867 7365 0.670243
3868 7379 0.641873
3869 8307 0.606764
3870 7381 0.621108
3872 7393 0.528028
3887 6864 0.671189
3888 10466 0.642751
3892 7503 0.560565
3897 7519 0.482191
3901 7566 0.539731
3909 7569 0.450025
3910 7600 0.422063
3927 7604 0.598596
3932 6101 0.696513
3949 893 0.697638
3961 7681 0.685512
3969 7698 0.414837
3977 7700 0.413294
3988 7722 0.621140
4003 7722 0.534594
4024 7789 0.433854
4036 6831 0.583945
4041 7775 0.639906
4077 7863 0.473117
4088 7906 0.584096
4093 7952 0.569549
4095 7964 0.583231
4102 8012 0.449997
4125 8061 0.534857
4137 7722 0.631463
4152 8164 0.457539
4190 8522 0.646965
4212 8199 0.457032
4216 8190 0.667505
4217 8191 0.502698
4218 9178 0.685189
4257 8292 0.469418
4272 8335 0.673555
4298 8381 0.564745
4326 4230 0.642178
4332 8436 0.647519
4342 6854 0.694185
4377 8456 0.470795
4379 8490 0.508315
4380 8491 0.681012
4396 1799 0.600124
4410 8576 0.670527
4426 9093 0.556540
4462 8663 0.500553
4463 8664 0.668034
4468 8685 0.602934
4470 8695 0.542394
4473 8715 0.514808
4477 9093 0.547031
4492 8779 0.619239
4498 8860 0.622177
4501 8876 0.559429
4508 8946 0.665825
4512 9013 0.662949
4525 8645 0.482735
4528 9093 0.598958
4538 9060 0.404655
4544 9030 0.514206
4556 9102 0.562066
4559 9087 0.669539
4568 8397 0.653466
4577 9030 0.387339
4595 9148 0.671983
4598 9150 0.656649
4613 9173 0.632841
4617 9173 0.547881
4627 9163 0.689587
4631 9030 0.432028
4632 9188 0.525888
4666 9227 0.661826
4669 9058 0.531873
4674 1249 0.592736
4678 9271 0.664488
4682 9273 0.613673
4693 9338 0.509249
4697 9093 0.541804
4710 9384 0.693911
4718 9376 0.555386
4723 9378 0.656370
4728 9415 0.601652
4731 9423 0.654972
4732 9416 0.453251
4740 9030 0.376076
4747 9446 0.597670
4774 9030 0.315883
4777 9569 0.637814
4803 9598 0.558277
4819 9667 0.673716
4834 9681 0.617643
4845 9030 0.461003
4854 9813 0.456252
4856 9792 0.600772
4865 9781 0.475736
4870 9912 0.601325
4878 9912 0.658620
4892 9870 0.627836
4917 9988 0.517042
4921 9886 0.648108
4946 10037 0.487204
4974 1728 0.655682
4978 10097 0.550958
4981 10084 0.648231
5021 10170 0.537457
5029 10179 0.540067
5055 10315 0.620002
5059 10286 0.442977
5067 10298 0.504894
5085 10380 0.688394
5088 10410 0.639042
5092 10383 0.507271
5097 10371 0.491337
5101 10402 0.508253
5122 10434 0.587037
5124 10427 0.626215
5126 11476 0.520726
5130 10502 0.667798
5137 10520 0.518215
5155 10598 0.685751
5157 10038 0.605528
5164 10624 0.660742
5207 10760 0.588373
5214 10761 0.691693
5217 10775 0.635774
5222 9030 0.374475
5226 10824 0.563652
5230 10832 0.481137
5231 10787 0.585115
5245 10878 0.680785
5247 10893 0.611118
5270 10945 0.484313
5277 10975 0.566469
5282 10776 0.659934
5283 11039 0.684761
5287 9058 0.498345
5288 11052 0.595932
5310 11055 0.685277
5318 11323 0.630582
5322 9058 0.589638
5359 11139 0.097990
5379 11539 0.233839
5393 11534 0.548478
5413 11553 0.564405
5415 11326 0.445238
5417 11540 0.625374
5418 11439 0.699726
5435 11537 0.640922
5439 11542 0.669560
5445 11254 0.698934
5448 11520 0.508909
5452 11445 0.552229
5453 11539 0.368346
5464 11423 0.661412
5473 11539 0.652914
5474 11254 0.474848
5477 11367 0.545810
5482 11539 0.513189
5489 11547 0.622001
5508 11539 0.468337
5516 11539 0.420116
5517 11540 0.364970
5519 11325 0.689022
5522 11539 0.574271
5525 11539 0.543551
5528 11557 0.644385
5530 11418 0.658517
5537 11551 0.449950
5540 11547 0.549730
