547
14 141 0.028995
37 33 0.656346
43 143 0.499572
73 56 0.674890
87 93 0.553662
132 102 0.593142
162 141 0.337624
177 49 0.215220
184 474 0.658614
185 49 0.512897
192 1926 0.669032
194 49 0.570899
202 49 0.550510
205 49 0.247917
212 211 0.000000
213 2187 0.639633
214 218 0.069823
243 2751 0.607941
246 2324 0.671810
255 2194 0.604594
261 319 0.539673
275 1990 0.308431
281 384 0.603711
294 1610 0.694392
296 137 0.630300
304 1202 0.659019
323 1517 0.659577
334 1622 0.682869
338 1934 0.640851
342 319 0.265354
363 67 0.148986
372 869 0.555023
386 2109 0.580185
394 872 0.622502
396 460 0.463429
429 159 0.667875
430 202 0.635377
454 989 0.595320
465 126 0.462684
469 848 0.695867
481 142 0.655053
487 237 0.684172
490 241 0.610577
499 176 0.424937
508 186 0.523564
512 800 0.467180
519 206 0.275614
531 319 0.600159
532 303 0.628183
547 277 0.523852
553 224 0.441054
570 2256 0.529711
574 246 0.653809
576 610 0.654956
603 2444 0.693000
604 1986 0.654741
605 275 0.327324
645 1199 0.689870
646 266 0.591209
648 321 0.683108
668 1154 0.664722
674 331 0.676164
677 337 0.579707
681 343 0.631925
695 291 0.507272
717 265 0.489099
736 206 0.694956
739 2812 0.519668
751 302 0.606598
754 364 0.344187
759 379 0.659776
778 384 0.600062
779 395 0.531192
786 312 0.533327
824 1700 0.658147
833 389 0.629978
845 378 0.648662
865 2584 0.625436
879 528 0.614075
896 364 0.437899
908 2139 0.617060
914 519 0.424649
931 381 0.694655
933 589 0.383017
963 393 0.584205
964 417 0.533782
991 2102 0.676555
1006 489 0.619010
1009 2809 0.507349
1013 605 0.400580
1020 454 0.456605
1021 1251 0.671769
1022 1926 0.618396
1033 498 0.674180
1045 467 0.623565
1046 29 0.688884
1050 640 0.412106
1052 2139 0.451141
1054 236 0.322522
1059 484 0.511839
1064 656 0.586335
1080 508 0.571141
1087 575 0.446436
1089 630 0.570614
1106 704 0.374650
1108 645 0.568567
1121 592 0.563566
1122 653 0.681774
1123 579 0.563290
1125 700 0.480177
1130 651 0.589294
1137 694 0.326543
1138 705 0.385174
1151 643 0.441075
1154 679 0.669072
1168 182 0.629791
1173 2278 0.612147
1193 671 0.610008
1199 632 0.542955
1200 1758 0.699580
1204 2185 0.576182
1220 737 0.675193
1231 2182 0.651332
1235 693 0.488254
1241 654 0.451346
1250 705 0.630483
1254 980 0.640871
1257 1280 0.687772
1259 670 0.579628
1270 759 0.263060
1277 727 0.410329
1280 692 0.554526
1286 685 0.545452
1287 699 0.654006
1289 779 0.548482
1293 319 0.596747
1294 788 0.556217
1298 2687 0.666219
1302 702 0.475188
1307 726 0.657857
1312 878 0.697657
1318 713 0.501686
1330 951 0.585133
1332 705 0.613620
1342 827 0.529874
1343 739 0.673431
1353 746 0.415248
1361 839 0.301029
1363 1070 0.558350
1373 772 0.645516
1374 959 0.632072
1389 272 0.681743
1393 891 0.696867
1394 852 0.366568
1395 854 0.552511
1398 126 0.488359
1404 1579 0.514899
1413 951 0.638603
1414 811 0.314271
1416 2109 0.601148
1438 1130 0.500562
1439 874 0.424136
1441 904 0.648255
1454 973 0.456111
1455 1130 0.517607
1481 862 0.695370
1502 856 0.580519
1508 1579 0.448857
1510 951 0.346387
1515 876 0.566573
1521 132 0.525630
1552 869 0.614230
1576 978 0.376562
1589 933 0.383124
1595 951 0.357848
1601 1083 0.409750
1602 636 0.689001
1626 1398 0.527824
1629 927 0.610716
1642 840 0.583694
1646 717 0.512883
1659 1222 0.598352
1674 951 0.264678
1702 636 0.677728
1713 1188 0.602158
1718 927 0.656846
1740 1016 0.698217
1758 1276 0.566564
1776 1100 0.674215
1780 1007 0.660064
1794 1061 0.675739
1804 1106 0.405738
1805 430 0.678287
1812 143 0.593717
1813 1654 0.586425
1814 1083 0.596119
1829 1091 0.508898
1841 1088 0.641715
1853 1115 0.647257
1862 159 0.642807
1884 1118 0.446991
1890 1542 0.589074
1892 1139 0.423509
1898 1144 0.622200
1911 2552 0.671411
1920 1155 0.697136
1933 1149 0.452444
1966 1153 0.518689
1972 1164 0.664148
1978 1161 0.609732
1985 2010 0.573137
1992 143 0.344023
1999 2768 0.678447
2016 1181 0.431330
2018 1196 0.569036
2019 1265 0.646703
2026 1264 0.642165
2051 1195 0.575742
2054 1251 0.456322
2058 1216 0.656346
2059 1209 0.577107
2060 1291 0.468939
2068 1222 0.601820
2069 1250 0.689355
2087 1383 0.686183
2088 1226 0.425271
2095 1248 0.625851
2104 936 0.598384
2109 1375 0.678517
2117 1267 0.434430
2123 1225 0.461495
2139 1070 0.681304
2140 1244 0.675964
2141 1281 0.511790
2153 1257 0.664976
2154 1262 0.662897
2155 1269 0.563529
2156 1288 0.400165
2159 1326 0.608297
2161 272 0.695435
2170 1256 0.367400
2173 1296 0.652419
2178 2075 0.639504
2209 1342 0.694281
2219 636 0.649005
2220 2115 0.680303
2223 1376 0.669191
2232 1349 0.521300
2237 1287 0.394124
2245 133 0.585840
2248 1294 0.657381
2263 2090 0.422554
2270 1021 0.686989
2272 1449 0.612783
2275 1368 0.631614
2276 1324 0.509097
2281 1231 0.543687
2282 1381 0.527977
2294 1325 0.513928
2323 1405 0.692708
2326 946 0.670508
2331 1335 0.657919
2333 1402 0.675052
2335 1414 0.398182
2348 1408 0.655770
2357 1408 0.633221
2358 1408 0.636952
2359 1383 0.609378
2360 1433 0.287699
2365 1408 0.643457
2367 1409 0.662828
2376 1408 0.583405
2377 1408 0.502265
2389 1373 0.380434
2391 1443 0.674374
2415 1446 0.559040
2416 1447 0.645003
2419 1768 0.597760
2428 1449 0.315339
2433 410 0.593976
2435 1397 0.518794
2437 1451 0.698828
2447 1456 0.592652
2452 989 0.676306
2454 621 0.690653
2460 1461 0.498192
2484 1468 0.490823
2489 160 0.688951
2492 1466 0.509346
2504 1273 0.661654
2512 1450 0.675247
2527 1492 0.346153
2546 1472 0.436276
2551 1496 0.695367
2569 1477 0.332316
2570 1509 0.450275
2574 1516 0.512363
2582 1624 0.571633
2586 2465 0.624822
2589 1524 0.427808
2591 1480 0.686274
2592 1144 0.696719
2594 1521 0.486482
2598 1481 0.677504
2599 1508 0.688425
2608 1493 0.610807
2612 1539 0.578668
2616 1506 0.540906
2619 1538 0.499894
2624 1598 0.319859
2627 1511 0.501063
2633 666 0.552830
2651 1517 0.390807
2659 1553 0.460282
2672 1558 0.399610
2680 1570 0.673737
2682 1941 0.465808
2683 642 0.538545
2693 2795 0.635411
2695 78 0.572452
2700 1544 0.640380
2701 1549 0.653102
2709 1586 0.643447
2710 1591 0.682482
2711 1594 0.597007
2714 1584 0.502561
2718 1567 0.419398
2728 1576 0.576441
2729 1604 0.388259
2733 1564 0.626716
2743 2536 0.644470
2748 1573 0.386284
2749 1574 0.419269
2757 2442 0.632933
2772 1583 0.544954
2773 1588 0.430819
2774 1589 0.533857
2782 609 0.528448
2787 1587 0.694433
2798 1616 0.612545
2809 1658 0.686949
2810 2052 0.465466
2813 1420 0.674664
2821 1607 0.353114
2824 1643 0.690985
2838 1646 0.357303
2843 1660 0.595575
2845 1376 0.574049
2870 2136 0.568460
2883 1680 0.308095
2888 1656 0.562914
2901 1645 0.499825
2902 1307 0.673015
2909 1657 0.641256
2910 1693 0.650718
2921 1702 0.356649
2936 1561 0.692778
2939 1720 0.463725
2946 1725 0.620285
2957 1686 0.332663
2958 1687 0.614005
2967 1701 0.610575
2968 1737 0.600421
2988 1697 0.542612
2999 1511 0.664540
3006 1990 0.434601
3012 1752 0.622704
3025 818 0.631136
3036 2609 0.571956
3078 1743 0.632592
3079 1889 0.649160
3082 1783 0.555841
3089 1798 0.522955
3092 1748 0.323809
3093 1616 0.670467
3095 1751 0.243337
3105 1106 0.638949
3114 1761 0.451316
3121 1765 0.394188
3156 1234 0.648503
3157 1789 0.423816
3160 1807 0.587451
3178 1805 0.458937
3182 1847 0.605978
3188 1858 0.697116
3201 1722 0.481704
3213 1846 0.407692
3218 783 0.643908
3221 1862 0.302965
3225 609 0.579642
3229 1849 0.619786
3230 1851 0.639233
3236 1876 0.419706
3253 1898 0.698887
3256 1886 0.388325
3266 1889 0.485994
3267 1892 0.539552
3269 785 0.506037
3278 1573 0.651215
3288 1917 0.571093
3297 1939 0.535740
3301 2194 0.533030
3303 1960 0.583418
3304 2254 0.622055
3305 2315 0.667574
3306 1951 0.435522
3308 1128 0.652319
3315 1966 0.411679
3325 1977 0.479882
3343 1975 0.588268
3344 1981 0.387769
3351 1991 0.651847
3362 2015 0.692192
3367 1242 0.675219
3368 2010 0.613230
3372 2027 0.684748
3385 2795 0.511720
3387 2051 0.615570
3394 2163 0.636778
3403 2059 0.347594
3407 2812 0.466815
3410 1230 0.591236
3424 1824 0.559900
3436 2125 0.538564
3447 1498 0.548282
3448 1415 0.401454
3458 2127 0.628016
3463 2138 0.612921
3483 2147 0.511751
3492 2161 0.585820
3496 2160 0.623038
3497 2258 0.635356
3507 2172 0.465705
3518 2182 0.604338
3523 2195 0.377897
3537 2198 0.429926
3546 2201 0.570270
3566 2233 0.663852
3603 2173 0.671977
3606 2235 0.448980
3624 2240 0.542118
3627 2242 0.656164
3631 2247 0.658206
3648 2257 0.691453
3684 2273 0.291811
3685 1785 0.697850
3689 2407 0.632772
3692 2277 0.311977
3730 2296 0.633466
3736 2300 0.468888
3755 2312 0.432336
3760 2315 0.615039
3763 2805 0.698255
3769 2393 0.695109
3784 2330 0.636351
3803 2337 0.315945
3813 2340 0.509594
3823 2345 0.511500
3844 2352 0.374276
3850 2353 0.502318
3870 2365 0.218451
3881 1636 0.651130
3895 2372 0.600664
3913 2375 0.428634
3936 358 0.695239
3949 1636 0.569343
3976 2413 0.434880
3982 2412 0.697901
3983 2417 0.663747
4003 2427 0.603499
4013 615 0.662297
4101 1697 0.673294
4105 1128 0.596162
4162 2310 0.697171
4179 2198 0.688464
4381 1463 0.613634
4492 373 0.661342
4515 2934 0.368029
4612 2292 0.683454
4669 1917 0.692891
4697 2544 0.564332
4761 846 0.568922
4764 2433 0.692281
4792 2542 0.507797
4803 2970 0.458317
4848 1696 0.645778
4867 2934 0.302149
4898 374 0.645673
5016 1394 0.669083
5046 813 0.691748
5059 2939 0.699470
5098 227 0.672962
5168 1687 0.676990
5197 2931 0.474753
5223 2980 0.328747
5236 2051 0.593511
5247 2923 0.694298
5261 1811 0.655883
5276 2980 0.474249
5339 2010 0.534941
5343 374 0.513263
5347 138 0.615965
5348 250 0.671695
5416 1390 0.651006
5458 1375 0.696020
5464 2944 0.633075
5471 2819 0.688147
5477 2925 0.688119
5554 28 0.645800
5592 2988 0.266960
5598 2989 0.015646
5599 3119 0.496568
5603 2991 0.370605
5604 3079 0.575798
5632 3110 0.597634
5633 3073 0.663972
5635 221 0.632973
5649 3119 0.638704
5677 3063 0.694173
5678 3119 0.266052
5694 3078 0.699643
5715 3008 0.698971
5727 3099 0.659144
5742 3016 0.424730
5746 2990 0.692554
5751 3080 0.642257
5761 3059 0.654331
5779 3002 0.463342
5785 3119 0.584847
5790 3084 0.660338
5807 3078 0.687127
5813 2990 0.624356
5821 3078 0.350653
5829 3039 0.428660
5832 3119 0.632760
5839 1466 0.693622
5840 373 0.511387
5850 3115 0.664239
5857 3080 0.416530
5879 3019 0.592864
5882 3111 0.602307
5888 3042 0.665671
5894 3056 0.648053
5912 2181 0.593581
5914 3074 0.516730
5921 3115 0.670988
5928 3056 0.644419
