563
2 1 0.364872
7 29 0.412158
10 25 0.362653
17 13 0.220623
18 20 0.397807
19 17 0.488791
21 24 0.202933
22 20 0.303266
23 26 0.211566
24 27 0.306022
25 1015 0.433284
26 597 0.352037
27 53 0.353475
28 587 0.498319
29 317 0.182772
30 598 0.441009
31 269 0.396570
33 254 0.493531
34 148 0.389568
35 86 0.386635
37 139 0.442758
38 249 0.377309
39 791 0.311514
41 421 0.478698
42 954 0.149058
44 245 0.465050
45 225 0.372523
46 295 0.310526
47 852 0.199807
48 260 0.270029
49 191 0.317232
50 168 0.446413
51 75 0.373704
52 291 0.310490
53 69 0.328084
54 117 0.385176
55 293 0.362421
56 360 0.436215
57 144 0.238550
58 742 0.402398
59 206 0.491587
60 273 0.268605
61 556 0.222516
62 109 0.342370
63 207 0.333439
64 435 0.444458
65 671 0.456659
67 1019 0.460732
69 280 0.296270
70 302 0.330554
71 744 0.447420
72 814 0.319224
73 235 0.329856
74 283 0.214213
75 147 0.347988
76 432 0.442178
77 205 0.475606
79 305 0.442889
80 203 0.334646
81 251 0.420284
82 66 0.492459
84 727 0.471244
85 885 0.326382
86 776 0.364151
87 59 0.421589
90 401 0.326563
91 529 0.425921
92 251 0.398531
93 478 0.239135
94 272 0.495657
96 42 0.339244
97 229 0.308162
98 809 0.197134
99 245 0.275029
100 538 0.312706
101 487 0.423548
102 1 0.494081
103 644 0.167494
106 890 0.473414
107 20 0.493271
109 136 0.370970
110 289 0.211021
112 623 0.256865
113 268 0.360683
114 351 0.438405
115 533 0.396149
117 389 0.370931
118 376 0.474770
119 651 0.346744
120 556 0.400079
121 515 0.210573
122 60 0.234910
123 491 0.398165
124 241 0.340443
125 142 0.457932
126 653 0.322408
127 262 0.473511
128 323 0.183301
129 558 0.323458
130 284 0.413203
131 418 0.345629
133 357 0.299780
134 275 0.365663
135 492 0.489065
136 76 0.375350
137 919 0.449547
138 581 0.346644
139 186 0.424198
140 177 0.316746
141 315 0.242166
142 287 0.490909
144 202 0.332421
146 685 0.234489
148 172 0.379350
149 317 0.243131
150 422 0.459902
151 792 0.235531
152 444 0.458074
153 528 0.335217
154 246 0.372088
155 312 0.292374
156 74 0.429448
157 265 0.441234
158 315 0.390341
159 282 0.253909
160 480 0.141337
161 441 0.474546
162 387 0.397383
163 544 0.437704
164 344 0.378469
165 481 0.175658
166 453 0.215511
167 482 0.312606
168 404 0.384285
169 340 0.328450
170 465 0.167933
172 496 0.112725
173 144 0.364466
174 111 0.405781
175 396 0.449005
177 491 0.202825
178 940 0.376574
179 810 0.253807
180 476 0.275720
181 153 0.483517
185 761 0.344961
187 434 0.225382
190 371 0.431048
191 336 0.247889
192 388 0.357816
194 504 0.447374
197 562 0.336332
201 417 0.291945
203 373 0.339728
205 464 0.222559
206 533 0.402561
208 685 0.268017
209 522 0.301007
210 649 0.460719
211 357 0.311172
212 435 0.366928
213 852 0.487952
214 866 0.303414
215 491 0.259855
217 430 0.332993
218 297 0.413073
220 429 0.465589
222 289 0.356262
223 491 0.423034
228 832 0.415614
229 484 0.378586
233 336 0.483958
234 282 0.417845
235 445 0.329692
236 899 0.362451
238 311 0.383894
239 562 0.303154
240 1019 0.411891
241 432 0.446733
242 154 0.466669
246 507 0.471319
247 492 0.356858
248 145 0.362949
249 672 0.419878
251 362 0.480946
252 553 0.444533
254 902 0.366279
256 844 0.499797
257 464 0.329914
260 453 0.399371
262 93 0.383876
263 893 0.429498
264 435 0.400869
265 293 0.334577
266 555 0.222885
267 85 0.431163
268 532 0.479406
269 529 0.407406
270 580 0.424165
273 878 0.358740
274 317 0.224675
277 533 0.353888
278 952 0.435423
279 350 0.221440
284 177 0.220779
285 518 0.344213
288 139 0.346328
289 533 0.445775
290 541 0.121834
291 588 0.499569
292 868 0.351345
295 350 0.115684
296 465 0.125401
297 556 0.259985
300 339 0.330785
302 360 0.369997
303 781 0.438720
305 270 0.311710
307 526 0.326780
310 651 0.331837
314 927 0.481886
316 378 0.349010
317 651 0.334348
318 748 0.352576
321 538 0.155284
322 458 0.374173
323 633 0.237517
326 611 0.358201
327 902 0.330998
328 576 0.293537
329 558 0.218455
330 536 0.371132
331 662 0.399224
332 698 0.325073
336 654 0.272801
337 627 0.387615
338 999 0.484097
339 203 0.353509
340 940 0.399691
343 685 0.362772
344 214 0.370209
346 165 0.400782
348 360 0.448088
349 857 0.395519
351 429 0.390763
352 270 0.324674
353 580 0.410535
356 618 0.176682
358 155 0.387448
360 579 0.109899
361 474 0.284271
362 886 0.191693
364 643 0.152125
366 73 0.311810
368 559 0.375372
370 83 0.347143
371 288 0.279201
372 265 0.443838
373 453 0.358851
375 685 0.370347
376 739 0.455952
377 533 0.295350
378 306 0.430726
383 676 0.278877
385 481 0.451926
386 434 0.264605
388 563 0.214070
391 724 0.275962
397 237 0.209985
398 999 0.335553
399 608 0.388951
402 1002 0.391147
403 87 0.478084
404 606 0.451454
405 599 0.416781
407 70 0.491082
408 513 0.482677
409 265 0.355730
411 629 0.337089
412 725 0.443195
415 768 0.458003
416 526 0.331556
422 768 0.400973
429 854 0.355298
430 801 0.418610
431 87 0.321254
432 528 0.354500
433 255 0.418934
434 775 0.463578
435 312 0.399890
442 694 0.449251
443 270 0.374757
450 799 0.397517
451 444 0.480021
452 667 0.231316
454 679 0.152326
455 927 0.430566
458 42 0.442155
459 529 0.357236
460 560 0.417510
466 526 0.291271
467 37 0.364440
468 755 0.441091
469 578 0.303985
471 457 0.384269
472 509 0.311922
476 42 0.240877
477 573 0.275324
478 42 0.389467
479 597 0.182993
480 139 0.480574
481 700 0.207140
482 526 0.330536
483 661 0.347841
484 718 0.273930
485 718 0.265141
486 674 0.275164
487 570 0.392227
488 42 0.245265
489 651 0.454574
490 727 0.284332
491 307 0.386014
492 915 0.296546
493 42 0.490964
495 949 0.415988
498 588 0.309102
500 82 0.358618
501 691 0.256784
502 73 0.241896
503 401 0.365552
506 329 0.424730
508 656 0.193241
510 987 0.328549
511 665 0.116628
512 282 0.351962
513 797 0.376810
514 312 0.470442
516 289 0.364148
517 635 0.276229
521 629 0.181491
522 623 0.256317
523 665 0.192902
524 155 0.386204
525 538 0.347645
526 713 0.182556
527 640 0.304628
528 916 0.455406
529 262 0.376155
530 757 0.374555
531 629 0.250458
532 274 0.259916
534 293 0.365854
535 685 0.143098
536 197 0.397067
537 976 0.296220
538 301 0.265511
540 371 0.310563
541 209 0.312689
542 110 0.395562
543 718 0.254246
545 780 0.340955
546 631 0.162368
547 282 0.313148
548 698 0.366861
549 792 0.342615
550 882 0.303287
551 882 0.387414
553 781 0.326186
554 776 0.284340
555 652 0.381556
556 736 0.248365
557 907 0.399431
558 156 0.462991
560 240 0.480806
562 792 0.214191
563 782 0.328315
564 740 0.404632
565 674 0.257311
566 926 0.367251
567 758 0.298441
568 761 0.372215
569 876 0.440072
570 891 0.401934
572 845 0.382403
573 36 0.417115
574 452 0.489416
576 481 0.381657
579 46 0.414167
580 179 0.289120
582 801 0.255001
583 680 0.419109
584 591 0.369504
585 811 0.197670
586 907 0.489275
587 908 0.461497
589 47 0.335419
590 154 0.366922
591 702 0.321283
592 943 0.477543
593 814 0.387303
594 950 0.412878
596 866 0.315962
597 952 0.348376
599 195 0.431421
603 433 0.477163
605 544 0.302545
608 870 0.311424
609 57 0.357422
611 867 0.305162
616 544 0.233518
617 741 0.431537
624 887 0.296868
626 282 0.318082
627 397 0.396010
629 753 0.419399
634 486 0.360821
635 882 0.173557
636 89 0.409436
639 580 0.336871
643 665 0.321779
647 793 0.471389
648 906 0.462984
649 465 0.292777
650 1010 0.453348
653 643 0.300964
655 436 0.484327
656 827 0.445013
659 715 0.459124
660 1000 0.487270
663 618 0.277977
664 709 0.298313
668 715 0.444066
671 544 0.426466
672 317 0.397309
674 685 0.316037
677 951 0.362171
680 219 0.481959
681 973 0.392549
682 308 0.341191
683 219 0.440021
688 665 0.245443
691 952 0.308260
694 70 0.423381
698 671 0.494621
699 919 0.491880
702 878 0.223140
703 1010 0.333196
704 528 0.322747
705 814 0.397036
707 964 0.395624
709 732 0.479507
710 882 0.236348
712 277 0.495104
713 557 0.427692
714 932 0.215036
715 643 0.201887
716 33 0.387010
717 604 0.454280
719 964 0.405920
721 685 0.275974
726 632 0.448214
727 224 0.283924
728 837 0.382764
729 805 0.483029
730 941 0.268928
731 839 0.455882
732 449 0.441348
733 970 0.305162
735 915 0.250351
737 532 0.421157
738 1011 0.377547
740 629 0.362934
741 1042 0.425261
744 449 0.230995
745 95 0.344905
746 598 0.365654
747 300 0.316919
748 860 0.480759
751 761 0.263536
755 532 0.489527
756 248 0.457447
757 954 0.126550
758 205 0.421173
759 863 0.439226
766 920 0.189490
767 777 0.416909
768 37 0.345111
770 978 0.384338
771 236 0.336423
772 877 0.366450
774 464 0.495119
776 522 0.410865
777 709 0.279076
778 821 0.409583
779 307 0.358673
781 47 0.222059
782 974 0.417816
783 905 0.448570
785 916 0.329875
786 739 0.278371
787 355 0.371110
788 140 0.331723
789 288 0.493375
791 65 0.330664
792 715 0.486857
795 978 0.460611
797 709 0.315532
798 544 0.337693
799 284 0.401940
802 762 0.335485
805 210 0.295855
807 110 0.323515
808 692 0.442279
809 153 0.472465
810 685 0.321438
811 685 0.279729
812 974 0.497807
813 632 0.367232
814 823 0.308333
815 1015 0.266559
816 89 0.423740
818 922 0.400109
820 315 0.481433
822 866 0.473862
823 355 0.402088
824 587 0.496974
827 960 0.417646
829 110 0.443494
831 792 0.309840
832 504 0.446847
833 72 0.348387
835 153 0.406624
836 902 0.478317
838 650 0.272282
839 729 0.487883
840 839 0.467967
841 34 0.420363
843 684 0.417983
844 790 0.473355
849 399 0.391975
850 894 0.432443
851 298 0.358123
852 974 0.450802
853 611 0.411863
855 643 0.308103
859 531 0.472183
860 763 0.280053
861 556 0.339757
862 544 0.239414
863 484 0.483636
864 758 0.351450
865 733 0.405544
866 1033 0.360583
871 1034 0.411025
873 1035 0.242595
874 1034 0.296574
881 1035 0.448454
884 1034 0.439479
888 1035 0.326467
890 355 0.418803
892 1039 0.277344
896 1044 0.325351
897 1044 0.277298
