1086
0 2631 0.171136
1 2 0.215542
2 2 0.357127
4 6 0.193263
5 1001 0.448582
6 2597 0.347488
7 9 0.286797
8 10 0.238603
9 594 0.473801
10 19 0.458548
11 223 0.478124
12 13 0.317513
13 1184 0.471544
14 15 0.190976
15 16 0.326152
16 30 0.262375
17 1666 0.459741
18 285 0.297842
19 2629 0.209776
20 1311 0.154179
21 512 0.228791
22 39 0.174139
23 22 0.268543
25 1184 0.485648
26 2487 0.424545
27 2487 0.387625
28 944 0.403403
30 23 0.363855
32 18 0.276797
33 31 0.354447
34 1727 0.442044
35 34 0.124169
36 21 0.142712
37 766 0.196485
38 18 0.327236
39 2332 0.440856
41 813 0.285990
42 23 0.278876
43 2138 0.419115
45 1442 0.355157
46 43 0.480824
47 651 0.262507
48 1572 0.326570
49 1311 0.182959
50 47 0.139545
51 1498 0.481239
53 49 0.171230
54 58 0.407586
55 22 0.364292
56 53 0.150444
59 2532 0.468685
60 1666 0.486944
61 652 0.369268
62 2628 0.426520
64 2071 0.362702
66 389 0.380775
67 53 0.288566
68 1666 0.330293
70 2619 0.299904
71 1666 0.434238
74 79 0.300829
75 719 0.299750
76 605 0.324246
77 263 0.274345
80 63 0.345746
81 2517 0.479579
82 405 0.367578
89 72 0.217785
90 74 0.407930
93 1335 0.453379
94 67 0.442140
95 764 0.418538
97 2440 0.406037
99 2615 0.414380
101 82 0.383539
107 105 0.443773
109 105 0.320334
111 2616 0.197894
118 2614 0.427493
119 933 0.445988
120 621 0.453915
123 2616 0.412179
124 117 0.474357
126 84 0.425527
127 123 0.407440
128 648 0.367912
131 511 0.486696
132 467 0.386423
135 103 0.217511
139 2122 0.440050
142 247 0.465583
143 91 0.340369
148 807 0.380827
152 415 0.498412
154 129 0.395821
160 2587 0.427627
162 122 0.445331
167 144 0.444147
172 169 0.423350
186 155 0.365120
192 192 0.408392
193 150 0.485867
198 244 0.160867
199 164 0.475566
200 179 0.341626
202 160 0.451498
205 890 0.498740
211 1448 0.445704
213 2597 0.462779
219 173 0.379999
223 346 0.457566
239 192 0.468989
245 201 0.357739
247 2587 0.379668
250 1072 0.395864
254 813 0.256848
255 214 0.161555
257 222 0.354597
261 212 0.465002
262 1174 0.414442
263 890 0.469952
265 708 0.235498
266 232 0.143047
267 233 0.469673
269 763 0.473365
270 215 0.413193
272 229 0.285039
273 345 0.439602
274 272 0.155770
281 240 0.269066
282 243 0.456597
283 718 0.189825
284 615 0.488915
289 227 0.215886
296 2522 0.492375
297 933 0.485303
300 264 0.274882
301 252 0.247360
302 253 0.356040
306 257 0.406617
309 2631 0.206350
311 784 0.296656
313 280 0.228428
314 248 0.405421
316 250 0.299281
317 2613 0.320141
318 389 0.216093
319 486 0.327512
322 762 0.186578
328 677 0.485112
334 2624 0.484443
336 267 0.246469
337 2631 0.494077
338 2623 0.404130
341 413 0.486758
342 123 0.423486
343 762 0.122873
344 286 0.140993
346 297 0.343425
347 2629 0.395643
348 275 0.109684
350 281 0.366936
351 282 0.146935
355 433 0.277006
356 424 0.477095
358 291 0.253423
360 294 0.317874
362 304 0.222789
364 401 0.314702
372 455 0.405589
373 245 0.442193
377 2361 0.394796
384 655 0.308094
385 320 0.176768
386 785 0.152658
387 392 0.177754
392 332 0.347937
393 403 0.356963
397 406 0.289330
398 2366 0.474101
399 315 0.355253
400 324 0.237436
401 292 0.367677
402 327 0.406584
404 735 0.324787
406 738 0.370526
407 511 0.455663
408 348 0.381483
409 323 0.434816
412 2626 0.195537
413 245 0.439915
414 311 0.423886
416 339 0.463975
418 353 0.397586
421 343 0.235227
423 890 0.221958
425 361 0.301271
431 352 0.266909
435 1433 0.409948
438 627 0.383306
439 305 0.188749
441 346 0.241649
445 363 0.383781
449 807 0.337776
450 512 0.365921
451 381 0.073873
454 1278 0.364983
455 393 0.282023
456 394 0.232437
459 203 0.394375
460 244 0.358035
461 598 0.345938
462 666 0.277644
463 598 0.280792
465 374 0.404757
466 1490 0.497011
468 410 0.445679
471 749 0.250807
473 333 0.178410
475 832 0.330175
476 2040 0.499773
484 1226 0.177871
486 408 0.437422
488 812 0.390074
489 2631 0.198192
490 751 0.313343
492 424 0.152466
493 425 0.163927
495 2631 0.429576
496 350 0.304903
499 707 0.456285
501 1666 0.496847
503 1278 0.432446
504 416 0.246239
505 418 0.224645
508 706 0.098800
515 430 0.462679
518 627 0.146344
519 933 0.426463
522 693 0.180423
526 410 0.372909
531 454 0.373472
532 455 0.212847
533 1922 0.408945
535 1251 0.375410
536 2626 0.300580
537 2500 0.494475
538 832 0.339172
540 451 0.314969
542 454 0.347881
543 389 0.225845
544 105 0.361812
545 466 0.080555
547 536 0.451113
548 478 0.208218
550 447 0.347176
553 1382 0.406595
554 1442 0.339585
556 471 0.381419
564 498 0.436541
565 603 0.362214
566 1232 0.338312
570 484 0.347680
572 485 0.102436
573 494 0.271063
574 1645 0.385647
580 489 0.165244
581 490 0.241971
585 332 0.400731
586 757 0.145015
589 501 0.106704
590 1922 0.345957
591 526 0.300526
592 81 0.303492
593 672 0.159196
594 2501 0.479043
596 518 0.366888
602 570 0.333031
603 346 0.259188
604 1232 0.247962
605 2587 0.484860
606 2626 0.243479
610 1397 0.207762
612 522 0.281955
613 650 0.307689
614 536 0.327155
620 535 0.124212
623 526 0.399229
624 527 0.498152
629 1251 0.353683
630 517 0.489553
631 105 0.472120
632 811 0.199123
633 544 0.250278
634 793 0.394168
638 950 0.359125
640 540 0.117137
642 541 0.308207
643 550 0.172097
644 551 0.472440
645 389 0.179827
646 727 0.189147
647 338 0.409595
649 1382 0.442705
651 546 0.289557
654 684 0.414526
655 562 0.278461
657 603 0.373141
658 820 0.189878
661 105 0.377758
662 686 0.186561
663 1432 0.422044
664 573 0.276094
666 2361 0.349249
667 556 0.454662
670 1696 0.284148
672 1335 0.442887
673 571 0.279830
674 321 0.164475
677 557 0.169657
678 567 0.219266
681 2614 0.236356
684 536 0.191836
687 587 0.141501
688 1286 0.251245
692 544 0.391853
693 652 0.144767
694 949 0.480426
699 607 0.182348
701 811 0.455582
706 620 0.336072
707 849 0.453194
708 76 0.296936
709 813 0.229472
710 1507 0.368348
711 604 0.422311
713 668 0.464963
717 464 0.166768
720 603 0.453505
724 320 0.328322
725 807 0.325812
730 626 0.091173
731 2100 0.443856
732 686 0.156566
735 1226 0.249384
742 694 0.233574
747 832 0.191136
749 285 0.160366
754 636 0.402483
756 347 0.398320
757 76 0.290193
758 822 0.472338
760 608 0.466851
766 242 0.265435
767 656 0.110084
768 2633 0.175302
770 21 0.214486
771 669 0.449257
775 599 0.386383
777 664 0.348961
778 727 0.272399
779 708 0.423566
782 679 0.219296
783 1750 0.489190
784 660 0.266452
789 674 0.478970
794 511 0.261678
795 1416 0.277175
798 694 0.199935
799 1226 0.308102
801 681 0.228779
802 656 0.374589
803 762 0.185204
805 680 0.285367
809 706 0.202313
810 707 0.050318
811 2522 0.435416
823 76 0.332377
825 1030 0.378758
826 716 0.218882
827 2501 0.350426
829 697 0.142239
831 712 0.380883
834 36 0.183587
836 711 0.070362
840 830 0.165946
841 819 0.186529
842 1272 0.397953
843 785 0.267134
844 475 0.441797
846 2501 0.483579
852 36 0.114904
853 944 0.227792
857 738 0.115778
858 832 0.387466
861 1442 0.434997
866 511 0.254727
869 769 0.314309
871 392 0.355536
872 1205 0.462883
874 744 0.227702
877 295 0.261127
878 286 0.246620
881 656 0.319087
887 763 0.260413
888 2587 0.401930
889 64 0.287344
893 754 0.268735
894 2532 0.405046
898 346 0.308817
900 726 0.080069
901 401 0.285934
903 788 0.332195
910 786 0.268331
911 824 0.416270
912 797 0.380027
918 2623 0.190469
919 820 0.119864
920 728 0.344525
922 905 0.402173
927 1129 0.269340
929 578 0.191807
931 814 0.271294
933 720 0.442100
935 777 0.319715
939 875 0.390157
941 392 0.499529
944 1232 0.234448
945 648 0.293463
946 822 0.212359
947 1023 0.143019
953 810 0.175395
954 940 0.338970
957 823 0.412210
959 2506 0.377936
965 578 0.116972
969 389 0.173686
970 1205 0.385440
971 2100 0.357433
976 698 0.436531
979 1129 0.321501
981 727 0.131415
982 2628 0.259793
983 785 0.110523
984 862 0.452553
991 367 0.439207
993 11 0.467511
998 331 0.277493
999 615 0.218854
1003 2626 0.412388
1005 2623 0.171128
1006 578 0.166488
1007 123 0.370571
1010 322 0.386724
1012 882 0.377638
1017 1014 0.468747
1018 953 0.412892
1019 321 0.153794
1020 879 0.482799
1021 813 0.251212
1023 864 0.159610
1024 874 0.247227
1028 1361 0.412338
1029 1367 0.265490
1030 854 0.249398
1031 893 0.416322
1032 1023 0.209693
1035 1367 0.493466
1046 912 0.431137
1049 911 0.420384
1051 901 0.219232
1054 521 0.423860
1055 1098 0.343039
1056 910 0.163163
1062 1129 0.178536
1063 917 0.424184
1065 925 0.492217
1066 926 0.420271
1067 905 0.092217
1068 842 0.280180
1069 970 0.076247
1070 1532 0.490205
1072 937 0.351130
1078 2633 0.485016
1079 767 0.138649
1080 933 0.138028
1082 651 0.360134
1083 935 0.154862
1084 231 0.300129
1087 595 0.450323
1088 948 0.423448
1089 488 0.471844
1090 40 0.468315
1091 921 0.216230
1097 900 0.348649
1101 928 0.196366
1104 944 0.112936
1105 1416 0.250790
1106 946 0.261019
1109 575 0.463625
1112 908 0.373670
1113 295 0.327061
1114 390 0.487011
1115 964 0.292283
1116 965 0.366509
1117 738 0.236190
1118 335 0.431847
1120 909 0.408552
1121 1901 0.498210
1122 971 0.174279
1125 785 0.395687
1127 979 0.434541
1131 1018 0.436444
1133 966 0.166569
1134 978 0.383337
1136 272 0.335249
1141 820 0.349486
1142 983 0.057212
1143 627 0.370847
1144 985 0.169912
1147 991 0.389679
1148 2515 0.480411
1149 751 0.336810
1152 990 0.155333
1153 2631 0.390058
1154 1628 0.496274
1155 947 0.477599
1165 516 0.470210
1168 346 0.479424
1171 734 0.279640
1172 84 0.405638
1178 1184 0.373367
1181 1015 0.262798
1183 785 0.459445
1184 1012 0.111398
1186 747 0.314463
1187 1024 0.266136
1188 1029 0.158429
1192 1020 0.458769
1193 983 0.145612
1195 30 0.376619
1198 1601 0.486816
1199 1018 0.451825
1200 1335 0.462633
1203 1067 0.215263
1204 526 0.479227
1205 1037 0.275574
1210 2497 0.400151
1211 1692 0.417213
1213 751 0.455695
1214 1035 0.266675
1217 1053 0.432525
1219 30 0.494036
1220 1060 0.435711
1221 820 0.159111
1222 1041 0.198448
1226 1050 0.383384
1227 1071 0.182476
1229 71 0.460221
1230 1048 0.386012
1231 1129 0.180929
1232 64 0.298291
1236 244 0.384336
1237 1141 0.336923
1240 1065 0.470601
1242 2631 0.436508
1246 355 0.433973
1247 1062 0.431392
1248 1620 0.408772
1249 1088 0.226914
1255 11 0.466580
1263 1262 0.384862
1264 2488 0.452556
1265 706 0.233019
1266 1048 0.423780
1271 656 0.403521
1274 1107 0.193529
1275 1102 0.429371
1276 334 0.403383
1278 39 0.199505
1280 2623 0.361444
1281 1118 0.269992
1282 749 0.419882
1287 1116 0.160572
1288 1117 0.224649
1290 1182 0.418449
1294 813 0.451526
1300 792 0.332465
1308 1262 0.246356
1309 345 0.494221
1310 1112 0.407379
1312 1012 0.442960
1313 1145 0.127952
1314 1146 0.100411
1315 1127 0.313108
1319 30 0.406688
1321 1138 0.431421
1323 1132 0.150991
1328 1511 0.489396
1330 928 0.402091
1332 831 0.479836
1333 832 0.196993
1334 512 0.153947
1335 1147 0.203543
1337 44 0.425654
1342 1097 0.478785
1343 1098 0.215520
1346 1165 0.132950
1348 1262 0.234543
1351 1161 0.415144
1352 950 0.317529
1354 1164 0.237884
1357 1188 0.294283
1358 1172 0.339122
1360 1739 0.459702
1363 2050 0.478658
1371 2365 0.437119
1372 1177 0.409434
1374 285 0.321133
1382 1175 0.476043
1388 1212 0.295091
1391 542 0.204333
1392 820 0.096173
1394 38 0.457302
1399 369 0.369614
1407 975 0.323143
1410 334 0.218278
1414 1214 0.484436
1418 1230 0.293609
1420 414 0.214711
1424 1221 0.412335
1426 84 0.499517
1431 1235 0.481695
1435 320 0.419470
1436 1205 0.481446
1441 38 0.459940
1445 1256 0.243362
1454 90 0.312166
1455 762 0.084409
1468 1278 0.129828
1470 1260 0.228747
1474 524 0.184800
1481 859 0.439131
1483 1149 0.317633
1490 813 0.404813
1491 719 0.472099
1495 1300 0.120025
1496 551 0.390088
1501 1375 0.232764
1507 1291 0.155412
1522 1305 0.412298
1524 1280 0.416127
1528 39 0.117946
1535 36 0.209816
1536 1232 0.155343
1539 2100 0.457501
1551 1351 0.336813
1554 1329 0.201005
1556 2501 0.452375
1573 1374 0.396886
1574 899 0.459849
1582 1357 0.485495
1586 1379 0.370169
1594 516 0.194104
1597 650 0.414394
1598 1739 0.353435
1601 1395 0.484857
1602 523 0.304456
1610 203 0.309052
1620 1414 0.112471
1622 1415 0.290466
1624 1458 0.390220
1625 1975 0.434699
1629 950 0.477285
1633 1428 0.419064
1635 1430 0.322421
1638 1412 0.151462
1644 1422 0.344801
1649 262 0.329740
1651 1419 0.473905
1652 785 0.465800
1659 578 0.175860
1660 1463 0.412527
1662 286 0.453162
1663 1465 0.452332
1671 735 0.186873
1672 1479 0.360728
1673 1472 0.474723
1674 972 0.496618
1675 1184 0.170866
1676 1443 0.382955
1678 1454 0.142228
1679 203 0.471284
1691 1485 0.328030
1697 1262 0.405834
1699 785 0.366822
1701 1475 0.131401
1709 727 0.372167
1712 648 0.278292
1717 578 0.308892
1718 751 0.494417
1721 1528 0.103864
1726 1498 0.393745
1727 1499 0.179828
1729 2597 0.477428
1730 375 0.481741
1731 433 0.356185
1735 1527 0.391346
1743 1532 0.212501
1745 1248 0.471881
1746 1531 0.276388
1750 1089 0.427044
1752 854 0.461468
1759 285 0.470143
1760 1533 0.466765
1764 1550 0.239276
1765 457 0.406461
1766 1537 0.300138
1767 1437 0.398819
1769 1542 0.394166
1773 523 0.359133
1774 523 0.396889
1777 1541 0.338153
1785 1557 0.208691
1787 1572 0.131295
1796 1570 0.180339
1802 1576 0.434395
1803 347 0.499113
1804 2502 0.409342
1812 2336 0.399459
1813 1591 0.383426
1829 1595 0.216663
1832 1593 0.493633
1833 1594 0.220594
1835 381 0.383514
1838 1615 0.173752
1851 1618 0.229452
1852 1628 0.419297
1855 1616 0.467445
1861 1625 0.343083
1864 1627 0.442819
1868 1640 0.444766
1870 762 0.112586
1879 203 0.337793
1889 2611 0.476780
1905 1664 0.073037
1908 693 0.199986
1917 2626 0.212823
1924 1682 0.338945
1929 1691 0.316477
1930 207 0.455060
1943 1430 0.459556
1953 2626 0.267395
1959 1699 0.306270
1964 1705 0.495059
1986 1646 0.422721
1993 526 0.378313
1997 1714 0.437881
1999 1716 0.216248
2002 1719 0.135997
2003 272 0.460775
2007 1726 0.214034
2013 894 0.374527
2015 1728 0.397292
2022 1231 0.462812
2051 1749 0.284207
2053 1756 0.455551
2064 1759 0.455245
2070 3 0.489585
2078 1776 0.160411
2079 8 0.395423
2085 1775 0.370752
2086 1777 0.386268
2089 2256 0.473002
2093 1780 0.325096
2096 1786 0.414950
2100 1792 0.344982
2110 1789 0.205702
2117 1814 0.393798
2133 2623 0.447853
2141 1822 0.431272
2147 1819 0.483659
2148 1836 0.333198
2150 1821 0.311407
2151 1829 0.352328
2155 1851 0.354450
2158 1839 0.108954
2159 1850 0.234136
2170 1857 0.293801
2172 1843 0.119000
2178 1860 0.278071
2181 1310 0.433056
2195 1877 0.304850
2210 1874 0.199506
2219 1892 0.388470
2227 1016 0.483690
2230 1894 0.186287
2233 1889 0.416496
2234 1893 0.313638
2235 1896 0.482613
2239 1910 0.269038
2240 1911 0.323796
2244 464 0.402236
2248 1895 0.340169
2252 1917 0.309031
2264 1930 0.310256
2269 950 0.347409
2270 1925 0.201815
2272 1938 0.461546
2274 1931 0.243480
2277 1528 0.263627
2283 1947 0.261738
2295 1944 0.320704
2299 1950 0.260567
2304 1964 0.256863
2308 1538 0.493887
2314 1963 0.207589
2320 1980 0.304081
2321 1981 0.292848
2323 2326 0.499103
2329 11 0.466158
2330 1985 0.255957
2332 1226 0.286845
2333 762 0.332525
2334 1984 0.405946
2344 244 0.412245
2354 1989 0.271381
2355 1997 0.447467
2356 1999 0.457932
2367 1996 0.318224
2368 2009 0.335186
2372 1572 0.205389
2381 2022 0.343731
2389 2032 0.463893
2391 320 0.356339
2392 813 0.444288
2396 2038 0.440405
2397 649 0.493768
2398 1335 0.382756
2399 1572 0.288386
2406 2046 0.459134
2407 2046 0.490579
2410 346 0.477175
2412 2031 0.401007
2427 2040 0.355546
2428 2042 0.317973
2431 447 0.487773
2439 414 0.233388
2448 2062 0.385204
2450 2065 0.411406
2451 2066 0.437920
2469 263 0.340482
2472 2085 0.199854
2474 2107 0.160199
2489 2094 0.164913
2490 2109 0.304860
2491 2110 0.122331
2493 2118 0.415645
2504 2129 0.445294
2508 791 0.472239
2510 784 0.315702
2512 2116 0.381391
2523 2131 0.300713
2539 2144 0.491649
2544 1572 0.333244
2545 2143 0.460286
2548 2162 0.233959
2549 2163 0.398663
2553 2150 0.438054
2554 2151 0.267673
2555 2152 0.195306
2560 2170 0.374165
2562 441 0.426806
2563 2112 0.468810
2568 2178 0.394708
2575 247 0.468548
2577 2190 0.218047
2578 2191 0.376734
2579 2192 0.220063
2581 2171 0.189975
2599 616 0.320478
2601 2185 0.158751
2603 1127 0.490925
2616 2219 0.175734
2629 578 0.343095
2630 1226 0.240914
2631 2212 0.301729
2634 465 0.420542
2660 2501 0.424741
2661 762 0.152677
2667 1483 0.455876
2680 22 0.444526
2686 2268 0.265066
2693 2276 0.247471
2695 858 0.418375
2698 2332 0.346308
2700 205 0.386210
2701 2297 0.317289
2710 2280 0.391247
2711 2487 0.488342
2712 2295 0.197710
2720 1027 0.463945
2721 2287 0.332808
2722 2288 0.315866
2726 2291 0.100159
2727 3 0.475841
2728 406 0.416463
2729 2631 0.237341
2739 2317 0.453008
2744 335 0.477044
2745 2311 0.436764
2746 2312 0.246662
2752 2316 0.111683
2753 2322 0.105093
2757 575 0.442770
2758 322 0.330610
2761 958 0.378784
2762 1012 0.473952
2763 2325 0.262574
2774 603 0.474612
2781 263 0.488364
2785 2358 0.211938
2786 2359 0.391577
2787 2326 0.440380
2789 944 0.417134
2790 2353 0.444360
2791 2354 0.263080
2792 2355 0.237364
2793 2369 0.165999
2802 2500 0.373404
2803 369 0.379591
2809 764 0.405369
2810 2374 0.476292
2815 2365 0.228171
2821 423 0.229889
2825 2391 0.408282
2845 2402 0.413400
2846 2403 0.314472
2849 587 0.473351
2852 2409 0.211081
2856 23 0.314932
2866 2422 0.407385
2871 2411 0.096730
2882 2443 0.349445
2884 2441 0.288760
2887 2446 0.282927
2888 2447 0.347160
2891 2457 0.323569
2892 830 0.392646
2895 2450 0.279391
2904 44 0.382818
2908 2460 0.467824
2910 2457 0.280668
2912 2465 0.451860
2913 2465 0.499889
2916 2463 0.470726
2922 2462 0.492252
2923 53 0.447147
2930 100 0.411950
2931 2475 0.424049
2932 2478 0.281789
2933 2481 0.427448
2936 2597 0.263712
2937 1375 0.162090
2944 58 0.438129
2947 610 0.472274
2948 1072 0.208369
2950 58 0.339616
2951 368 0.367516
2953 2354 0.424125
2954 811 0.383108
2955 2496 0.450842
2958 2492 0.326786
2959 1310 0.333230
2960 2499 0.225284
2962 2493 0.250937
2963 2479 0.480980
2964 2488 0.400325
2965 2507 0.461674
2966 2500 0.310148
2967 2100 0.470566
2968 1107 0.474727
2969 64 0.314176
2970 2100 0.379885
2971 2507 0.245234
2973 2597 0.209539
2974 2505 0.395455
2976 2513 0.318634
2977 2483 0.333586
2982 2509 0.195467
2984 2510 0.421082
2985 2352 0.481682
2986 2515 0.076801
2988 2516 0.130624
2991 2518 0.306156
2992 2535 0.256081
2995 2522 0.276546
2998 685 0.493569
2999 414 0.250395
3004 616 0.177197
3008 1733 0.435870
3011 105 0.409382
3012 552 0.201484
3014 2528 0.307546
3016 1726 0.489153
3017 2530 0.185830
3020 2531 0.082261
3021 2532 0.058555
3022 2533 0.180743
3026 2539 0.297006
3031 2550 0.227571
3032 2544 0.401089
3036 2547 0.104564
3038 2549 0.292556
3040 2554 0.389832
3041 2371 0.464458
3046 1545 0.418827
3054 2568 0.386468
3057 2566 0.337025
3059 2562 0.445516
3063 2622 0.451731
3064 2576 0.454852
3071 2573 0.497006
3073 2576 0.393649
3079 2578 0.211736
3081 820 0.082257
3083 2581 0.442161
3093 64 0.223867
3097 2586 0.335923
3099 2585 0.041836
3100 2588 0.116893
3105 2589 0.148678
3109 2382 0.469758
3120 2594 0.098069
3126 2024 0.220147
3129 2597 0.242019
3148 2605 0.337597
3154 1210 0.455183
3158 2610 0.401786
3159 727 0.220068
3160 1326 0.384931
3166 123 0.350360
3167 763 0.249992
3169 512 0.389625
3170 648 0.221633
3171 2616 0.416882
3172 586 0.382519
3173 2522 0.484064
3174 859 0.208824
3175 368 0.194246
3177 603 0.487497
3178 81 0.137331
3179 859 0.122167
3180 516 0.189049
3181 102 0.473398
3182 685 0.419115
3183 102 0.376198
3184 392 0.236335
3186 1080 0.421422
3187 656 0.368321
3188 1335 0.455518
3191 1375 0.289978
3192 43 0.369341
3193 738 0.304150
3194 2623 0.216110
3195 552 0.211832
3196 36 0.203701
3197 693 0.215728
3198 21 0.245903
3199 64 0.248329
3200 2625 0.194305
3201 594 0.230229
3202 672 0.231452
3203 2626 0.076251
3204 1184 0.097426
3205 672 0.184072
3206 762 0.096057
3207 1184 0.097883
3208 813 0.260882
3209 1739 0.336512
3210 2629 0.089841
3211 38 0.404628
3212 2631 0.061708
3213 2631 0.088341
3214 2632 0.087857
3215 2633 0.100410
