90
2 1 0.046949
3 2 0.238692
4 3 0.193346
10 843 0.492009
16 22 0.605991
19 33 0.388763
21 37 0.378358
22 38 0.475685
25 47 0.358190
27 52 0.484058
35 64 0.587044
41 68 0.599388
42 69 0.478138
46 75 0.516325
112 1849 0.487292
124 58 0.686711
138 1085 0.584614
143 994 0.632748
152 593 0.642392
169 1929 0.602034
182 271 0.691059
191 1085 0.586880
258 1386 0.661161
260 2096 0.550683
316 1007 0.654504
321 2086 0.593837
346 427 0.531926
347 621 0.595178
388 621 0.638119
408 790 0.321176
420 737 0.572036
463 737 0.663865
477 790 0.664370
492 1787 0.669159
502 1382 0.554830
515 790 0.415435
554 929 0.692883
564 835 0.492459
575 8 0.641637
597 1014 0.682374
608 737 0.559801
641 790 0.575723
658 1428 0.685429
665 1813 0.564391
730 770 0.588164
747 1357 0.682419
768 954 0.600350
847 226 0.662901
860 1250 0.627797
938 1382 0.595750
977 473 0.666574
998 770 0.555730
1014 1636 0.654114
1039 1656 0.593831
1052 1656 0.409818
1057 1880 0.693197
1061 1060 0.657967
1080 1903 0.691915
1083 1656 0.641414
1147 2017 0.581614
1223 2072 0.689377
1239 346 0.689783
1248 2072 0.622620
1257 2072 0.657583
1268 2072 0.549106
1271 2072 0.559750
1285 680 0.699282
1289 2187 0.670397
1295 2201 0.689522
1307 2106 0.562869
1311 2107 0.662513
1345 618 0.669118
1375 919 0.689426
1408 157 0.401711
1413 157 0.495081
1461 2319 0.696269
1462 2429 0.353108
1474 2438 0.119855
1476 2319 0.550454
1477 2438 0.121388
1480 1526 0.650329
1481 2444 0.429589
1482 396 0.652421
1486 2453 0.544551
1487 2441 0.662336
1492 2458 0.086935
1494 2464 0.426759
1502 2479 0.186643
1506 2480 0.251286
1510 2479 0.206608
