249
1 4 0.015804
2 5 0.635945
36 3427 0.693404
42 3427 0.694720
43 28 0.045279
48 3427 0.518182
51 33 0.096490
53 850 0.345227
55 3427 0.547830
57 850 0.451003
60 36 0.124149
64 39 0.436765
69 38 0.083785
71 3339 0.694223
76 41 0.090595
80 44 0.113969
84 46 0.179134
85 49 0.241812
94 850 0.582717
96 58 0.431517
103 63 0.598644
106 63 0.696007
109 63 0.470186
111 70 0.421304
113 63 0.298434
130 4 0.481593
158 139 0.675250
171 736 0.684100
188 3074 0.574012
200 3074 0.656997
244 2774 0.649848
248 2774 0.612760
253 2774 0.599975
262 2774 0.631263
272 1437 0.628681
320 37 0.626791
357 2774 0.669750
358 880 0.522909
443 294 0.633037
447 332 0.677982
455 294 0.655407
456 2961 0.580478
457 332 0.687371
461 3160 0.692933
474 269 0.619630
521 378 0.680532
527 993 0.687334
590 2068 0.619271
595 3087 0.678379
615 2774 0.633854
641 510 0.633073
651 891 0.669838
660 684 0.596845
665 2799 0.637793
708 2344 0.600016
735 2707 0.682384
739 2893 0.697469
744 1253 0.506937
746 2893 0.669969
756 891 0.625448
783 2000 0.587235
802 903 0.509105
819 903 0.605639
831 1396 0.484178
842 903 0.554165
941 710 0.687365
977 2987 0.654183
990 2700 0.687686
1011 1975 0.554251
1016 710 0.695023
1036 1443 0.461476
1089 1262 0.459825
1103 1971 0.536467
1111 1420 0.664505
1129 844 0.575919
1135 1204 0.595964
1152 1744 0.475698
1224 1444 0.621950
1236 1971 0.385843
1246 1765 0.689353
1249 1971 0.611020
1299 1532 0.683139
1327 1819 0.662917
1397 2249 0.620504
1450 1685 0.698677
1452 1316 0.442514
1459 977 0.634905
1461 1487 0.645618
1464 993 0.406622
1494 744 0.683310
1521 844 0.673231
1527 1069 0.690665
1562 2385 0.685606
1679 1325 0.685399
1699 1231 0.693316
1706 1560 0.682287
1716 1744 0.602108
1731 1279 0.455126
1739 1288 0.602660
1746 1291 0.614014
1751 1346 0.690270
1754 2411 0.652821
1761 1311 0.644339
1763 1312 0.470455
1770 1324 0.556030
1799 1712 0.670034
1823 1341 0.560750
1825 1292 0.583555
1828 1357 0.649846
1856 1374 0.684501
1874 1400 0.281090
1879 1410 0.358157
1881 1412 0.619005
1887 1417 0.558034
1888 1572 0.648691
1895 1435 0.668241
1900 1435 0.652230
1901 1436 0.659094
1909 1449 0.618206
1989 1501 0.668873
2011 1511 0.554815
2012 1508 0.596623
2022 1516 0.470813
2024 2530 0.610264
2034 1524 0.222892
2038 1533 0.533177
2046 1538 0.378170
2070 1555 0.536194
2091 1562 0.684398
2098 1564 0.494902
2145 1983 0.650967
2147 1610 0.591657
2148 1612 0.590959
2155 1614 0.658072
2159 1578 0.563414
2181 1645 0.530865
2182 1522 0.579911
2203 1635 0.600142
2218 1702 0.593858
2221 2521 0.646928
2226 1321 0.695855
2242 1367 0.642204
2248 1656 0.624458
2260 1516 0.562421
2265 1698 0.362145
2267 1690 0.534792
2270 1267 0.688173
2274 1619 0.595148
2283 1690 0.673667
2292 1574 0.545409
2298 1971 0.599308
2299 1971 0.436116
2303 1971 0.675525
2304 1690 0.687627
2310 1505 0.637341
2347 1574 0.549610
2372 1574 0.645644
2444 2452 0.601289
2448 1052 0.660133
2501 2220 0.424281
2520 2220 0.594240
2533 1403 0.637878
2555 2206 0.688626
2570 1574 0.554069
2576 1947 0.559501
2579 1947 0.613220
2635 1574 0.530716
2664 1977 0.692639
2713 2101 0.693223
2717 1574 0.555392
2721 125 0.692265
2722 2558 0.185927
2731 2126 0.469157
2732 2095 0.598580
2741 564 0.555818
2742 1574 0.609771
2762 1574 0.667527
2782 1574 0.642800
2791 2544 0.622523
2808 1574 0.672599
2828 1574 0.678237
2836 2544 0.537492
2839 680 0.539270
2848 903 0.676924
2869 1574 0.698949
2895 854 0.695741
2950 2678 0.500066
2961 880 0.613962
2970 2678 0.527087
3009 2810 0.357781
3026 2665 0.490092
3042 2741 0.417314
3079 2810 0.367806
3091 2741 0.390434
3114 2810 0.378276
3127 2741 0.425065
3137 2741 0.334500
3156 2810 0.384422
3159 248 0.683630
3178 2810 0.520384
3188 2741 0.295860
3190 2897 0.604991
3196 610 0.698716
3216 2897 0.638097
3238 298 0.621114
3241 298 0.519521
3246 299 0.687892
3250 298 0.489091
3263 294 0.543436
3295 535 0.698604
3324 3102 0.564820
3336 3102 0.651965
3350 3102 0.699520
3365 3160 0.680262
3405 3115 0.390596
3418 3074 0.667645
3432 451 0.630443
3444 3160 0.671015
3450 3074 0.359819
3455 296 0.516830
3459 3074 0.360985
3461 3074 0.590181
3468 3074 0.351652
3477 3203 0.473379
3485 3102 0.592678
3486 3203 0.495729
3506 3074 0.375537
3507 3203 0.529529
3510 3074 0.424099
3549 3250 0.692465
3558 3246 0.577233
3574 348 0.669608
3583 3250 0.685012
3598 32 0.683843
3623 3388 0.558774
3624 3388 0.207766
3626 3388 0.567364
3631 3388 0.319379
3632 3388 0.538078
3651 3203 0.331722
3657 28 0.107391
3670 32 0.386115
3676 3432 0.315564
3679 3440 0.653763
3681 3436 0.613285
3683 3435 0.559461
3685 3432 0.558540
3686 3432 0.568518
3689 3439 0.636200
