246
1 0 0.659846
2 4 0.063637
6 9 0.396245
11 2772 0.560154
16 379 0.650619
26 19 0.621833
32 30 0.034151
33 31 0.699535
37 35 0.436700
43 32 0.697601
49 43 0.362841
55 48 0.120718
60 51 0.186975
65 54 0.262925
68 56 0.461886
70 60 0.264264
71 3747 0.676438
72 57 0.423209
75 64 0.473588
79 68 0.630219
88 78 0.492709
90 78 0.401601
92 78 0.579343
97 78 0.485447
98 3747 0.654022
101 78 0.694751
118 3747 0.626494
137 3747 0.593970
152 151 0.524536
169 130 0.510030
238 42 0.681643
282 1196 0.595458
307 259 0.578858
327 1818 0.520227
332 321 0.675144
343 315 0.597120
344 3436 0.424943
354 3436 0.403830
361 146 0.696802
363 3463 0.619597
366 270 0.694164
377 3463 0.638994
385 3436 0.561644
389 194 0.339169
390 3463 0.632021
406 3336 0.680461
423 461 0.584055
429 2348 0.678724
430 3463 0.653900
439 3336 0.640721
441 461 0.646618
447 461 0.514256
450 386 0.655441
454 461 0.458518
456 3463 0.582331
460 393 0.256427
463 461 0.451715
465 3463 0.571206
470 393 0.288769
473 461 0.465320
474 3463 0.569038
478 3463 0.554473
485 3463 0.553358
498 1587 0.681593
499 3463 0.546935
500 438 0.522885
504 425 0.187086
506 3463 0.670560
507 654 0.693537
549 465 0.610454
550 461 0.624926
591 654 0.667328
596 1902 0.619225
602 438 0.695941
625 3397 0.647291
638 2468 0.637479
663 283 0.697344
664 438 0.648021
665 2614 0.653506
672 530 0.545749
766 522 0.659047
795 718 0.615927
798 552 0.699317
811 1166 0.661965
827 552 0.674993
828 2384 0.689883
835 697 0.318763
841 552 0.694183
845 255 0.682189
846 462 0.685633
864 1209 0.565732
869 697 0.347243
875 1714 0.544944
908 697 0.443436
939 1568 0.679346
942 718 0.515573
986 742 0.358796
1014 1676 0.620463
1025 1621 0.630605
1033 771 0.624230
1034 1676 0.616917
1057 1676 0.684501
1090 1676 0.579677
1096 742 0.429754
1106 3344 0.683322
1121 3344 0.696374
1143 3344 0.699655
1145 771 0.581492
1160 1403 0.671827
1168 1388 0.624305
1184 1396 0.389279
1192 1808 0.576584
1207 771 0.604917
1214 1638 0.585256
1286 1498 0.696742
1292 194 0.688488
1307 1084 0.596754
1311 1498 0.683943
1314 2723 0.684708
1322 1112 0.658777
1347 1498 0.581146
1349 1176 0.529790
1368 1216 0.664397
1377 1498 0.612483
1387 1980 0.643965
1412 2514 0.641005
1427 2514 0.632164
1433 16 0.620374
1465 2772 0.428504
1487 2734 0.554616
1496 830 0.686724
1497 1780 0.638227
1505 1636 0.674398
1513 1775 0.691388
1549 1591 0.676670
1582 771 0.559342
1589 1931 0.673054
1605 2774 0.442333
1628 1775 0.641680
1630 2653 0.646725
1645 1822 0.680741
1653 1857 0.620208
1655 2281 0.671556
1675 2529 0.651321
1681 1029 0.662292
1683 1552 0.697041
1736 1775 0.535421
1749 5 0.651920
1763 1249 0.692397
1764 1739 0.613198
1767 2595 0.634361
1773 2377 0.645505
1777 1721 0.602471
1778 1739 0.684129
1786 3146 0.662459
1809 1068 0.619637
1838 3718 0.681542
1843 514 0.542951
1849 1855 0.692870
1858 515 0.670008
1859 1164 0.485902
1877 457 0.578536
1965 1123 0.672415
1986 1123 0.646897
2008 1123 0.516196
2036 2453 0.635762
2160 1694 0.645637
2162 2872 0.370035
2223 2687 0.472440
2258 2253 0.684835
2354 2823 0.624015
2375 2896 0.694168
2390 2759 0.653142
2419 2994 0.043463
2424 641 0.653253
2431 2994 0.040979
2456 2214 0.699534
2460 2994 0.132526
2485 2994 0.166505
2633 3140 0.681231
2645 3318 0.616015
2672 3442 0.447422
2680 3535 0.601513
2687 3351 0.167355
2690 3165 0.632397
2695 3486 0.671281
2698 3165 0.531228
2699 3463 0.567173
2704 3165 0.645285
2710 3535 0.607894
2712 3165 0.529445
2728 3535 0.590008
2730 3165 0.618983
2745 3463 0.676569
2753 3535 0.163754
2772 2206 0.681922
2777 3463 0.617505
2782 2206 0.697416
2804 3519 0.459235
2814 303 0.651291
2820 3535 0.109114
2823 224 0.697939
2826 2908 0.698018
2831 224 0.579614
2835 3519 0.507330
2841 224 0.529186
2847 3387 0.696835
2848 3535 0.170677
2849 3472 0.466187
2853 3387 0.560429
2864 3387 0.522033
2865 3535 0.115477
2886 3535 0.113542
2939 3616 0.564655
2942 1944 0.596597
2944 3610 0.692417
2950 1944 0.609624
2953 1944 0.656852
2963 3642 0.682159
2969 3180 0.500191
2970 3610 0.678526
2982 3579 0.667105
3013 3717 0.569519
3036 3720 0.691565
3041 3728 0.656861
3042 3717 0.596269
3058 3737 0.515562
3062 3737 0.225723
3065 3740 0.613102
3068 3740 0.412582
3071 3740 0.552501
3072 3752 0.600809
3074 3740 0.635897
3079 3765 0.577953
3096 3764 0.640582
3103 30 0.091629
3110 3764 0.658380
3111 3720 0.530143
3116 2451 0.581322
3125 3772 0.060357
3128 3777 0.500322
3129 3782 0.331400
3132 3778 0.318045
3134 3782 0.594726
3138 3781 0.378666
3139 3785 0.687596
