282
3 5 0.039698
4 6 0.206441
5 11 0.316961
7 14 0.168139
13 186 0.653574
17 330 0.690773
22 26 0.625868
26 3505 0.656825
29 65 0.584488
31 43 0.097526
35 53 0.121112
37 37 0.690374
40 57 0.220770
41 58 0.581775
46 65 0.162074
47 66 0.624973
49 82 0.419859
53 77 0.492541
55 61 0.654127
58 89 0.670065
90 104 0.675450
104 100 0.459097
106 234 0.632409
114 149 0.374051
123 173 0.692605
133 149 0.584374
155 149 0.484063
159 138 0.586128
176 58 0.690057
196 174 0.585835
205 3382 0.641889
217 170 0.667771
229 711 0.595292
230 3390 0.674344
259 2355 0.664280
304 296 0.627859
335 423 0.625568
338 365 0.419850
341 478 0.578419
346 423 0.664610
358 478 0.479005
375 465 0.347688
384 423 0.691604
385 2311 0.657086
393 465 0.340986
431 377 0.665868
434 1487 0.521498
466 479 0.490171
472 496 0.564248
481 2041 0.696725
492 146 0.574509
523 1044 0.587055
527 357 0.695561
532 207 0.553652
536 1629 0.671485
555 609 0.611050
569 3194 0.682088
574 263 0.504393
605 465 0.673272
606 3194 0.690499
611 869 0.657254
645 2262 0.657657
657 3234 0.635476
658 797 0.648573
700 743 0.669545
717 1449 0.580728
740 1374 0.641202
749 2262 0.695481
751 279 0.620346
781 263 0.353433
795 3072 0.677065
802 291 0.369035
820 1499 0.683682
855 936 0.664893
877 900 0.686694
899 822 0.599980
939 543 0.654559
945 820 0.553663
970 543 0.661927
1025 832 0.681915
1095 261 0.697035
1105 1210 0.647597
1117 1015 0.608155
1164 1007 0.481159
1167 1212 0.478212
1187 1045 0.415151
1237 1062 0.552306
1239 1532 0.634565
1249 1552 0.689236
1257 1085 0.641142
1286 1208 0.506384
1290 1282 0.639750
1302 1226 0.593647
1316 1140 0.563903
1372 1552 0.675329
1455 822 0.566708
1658 290 0.680052
1721 2229 0.674346
1755 1457 0.645816
1846 1559 0.452690
1919 2008 0.509835
1973 1290 0.639608
1976 1496 0.416983
1987 583 0.667839
2053 1539 0.618629
2061 1554 0.655122
2081 609 0.631042
2083 3516 0.594570
2174 1559 0.664916
2219 2574 0.693035
2280 1597 0.519127
2301 1505 0.675366
2381 1733 0.699052
2401 1546 0.405329
2423 1065 0.696090
2453 555 0.608443
2551 1700 0.557823
2594 1713 0.680617
2607 1388 0.532138
2612 1713 0.440400
2623 627 0.692815
2631 1712 0.656011
2644 1718 0.652057
2683 1735 0.666591
2780 1808 0.632223
2818 1808 0.633208
2825 1343 0.611192
2856 2302 0.674085
2865 1350 0.616303
2877 2319 0.587404
2931 1795 0.410167
2952 291 0.651337
3014 461 0.688407
3060 893 0.613184
3097 1965 0.661254
3115 2053 0.693524
3144 1499 0.686397
3307 504 0.604885
3344 840 0.699557
3349 2066 0.621041
3527 1501 0.551133
3555 482 0.684268
3640 1872 0.579772
3682 2072 0.620243
3686 2329 0.582842
3722 1808 0.667490
3753 2016 0.526682
3796 1898 0.630259
3806 2057 0.696302
3844 1874 0.397441
3859 1912 0.256077
3864 1920 0.578846
3866 1924 0.689320
3867 1925 0.577658
3871 1928 0.613275
3873 1938 0.600071
3874 1930 0.668270
3888 1932 0.591714
3908 1941 0.443828
3920 1501 0.540123
3927 1940 0.364665
3956 1965 0.504742
3970 1077 0.665854
4015 1975 0.577951
4047 1208 0.606350
4056 2333 0.644515
4085 1984 0.571464
4167 2013 0.639423
4182 2057 0.664311
4195 2020 0.390107
4239 2035 0.547919
4265 2031 0.628999
4276 2055 0.392353
4314 2067 0.638768
4340 2052 0.618009
4348 2337 0.657611
4387 479 0.668148
4404 2064 0.563599
4444 2081 0.598344
4464 2163 0.667563
4503 1350 0.608880
4533 738 0.697157
4538 2145 0.656489
4539 2166 0.579962
4595 2151 0.597942
4612 2066 0.662646
4621 2093 0.604672
4623 2189 0.450807
4625 2136 0.530945
4645 2192 0.593650
4647 2161 0.647112
4652 207 0.625400
4654 2195 0.610442
4720 2066 0.620869
4731 2178 0.659312
4732 2180 0.515713
4735 2183 0.673034
4745 2092 0.505796
4796 2232 0.659232
4834 236 0.680198
4867 2267 0.601009
4869 2267 0.557926
4931 2025 0.697195
4947 2660 0.681936
4974 2093 0.236446
4993 1594 0.623215
5015 1594 0.467147
5038 1594 0.519788
5095 1310 0.647014
5100 2708 0.540341
5130 1594 0.667278
5140 291 0.698337
5171 1746 0.624870
5181 2750 0.598013
5202 2750 0.491806
5245 2750 0.516808
5266 3021 0.696358
5278 840 0.523980
5284 840 0.470458
5304 2750 0.482958
5363 2025 0.629319
5367 1470 0.599877
5384 3091 0.506941
5393 2476 0.678774
5403 2476 0.663559
5415 2476 0.660717
5440 2476 0.630173
5494 1286 0.616597
5535 2476 0.574790
5548 1595 0.674643
5569 1630 0.644798
5634 3194 0.686947
5646 833 0.604574
5672 3091 0.656570
5701 371 0.504813
5704 3194 0.484001
5712 3342 0.637919
5720 3212 0.181148
5725 3212 0.204388
5730 3212 0.200075
5732 3194 0.698611
5737 3212 0.618578
5765 3428 0.652235
5777 3194 0.520453
5779 3184 0.432283
5794 3177 0.670401
5805 3184 0.544523
5811 3184 0.513718
5821 3184 0.389871
5830 3285 0.542589
5903 3378 0.504913
5907 3378 0.413473
5908 376 0.520287
5918 376 0.542674
5921 3365 0.696283
5925 376 0.686342
5931 3457 0.579347
5945 3461 0.568546
5962 270 0.674367
5963 3527 0.697948
6030 3471 0.651318
6031 3518 0.671031
6032 3524 0.438152
6035 3515 0.671277
6039 3518 0.611068
6040 3471 0.613318
6043 3531 0.694403
6050 3543 0.238440
6051 3542 0.574840
6054 3541 0.050238
6057 3543 0.079214
6060 3550 0.040124
6075 43 0.129772
6088 3584 0.691420
6091 3590 0.342323
6093 3594 0.581124
6096 3590 0.417206
6098 3594 0.584110
6099 3593 0.647437
6100 3585 0.543998
6101 3585 0.426687
6105 3597 0.153323
