335
2 1 0.690400
3 2 0.045792
4 3 0.090163
7 4 0.442977
19 4 0.530623
25 1494 0.494587
27 21 0.654164
31 21 0.211545
38 25 0.469041
42 31 0.511831
43 28 0.305247
45 30 0.395084
49 37 0.556974
52 31 0.687998
65 47 0.423902
68 1432 0.559458
69 49 0.454032
71 49 0.486501
73 49 0.501249
74 50 0.663678
76 49 0.600830
78 1375 0.615668
79 47 0.628991
82 47 0.409641
87 1375 0.674866
88 1432 0.481479
104 84 0.682526
112 882 0.603883
119 1492 0.695371
122 1492 0.692971
128 85 0.616420
131 22 0.679099
132 1403 0.565765
135 307 0.498343
139 1492 0.641314
164 1403 0.614031
169 1492 0.642239
171 1439 0.529895
174 198 0.588250
177 1492 0.665203
180 1492 0.657150
184 1492 0.633486
208 1492 0.649587
214 19 0.633670
251 406 0.528622
252 816 0.682653
263 1375 0.567691
291 1291 0.602728
299 1375 0.659659
360 1342 0.274140
361 235 0.650608
369 536 0.640405
387 1311 0.670656
410 1107 0.679323
417 1107 0.675394
433 1326 0.623701
447 1107 0.696662
457 1096 0.626486
470 1355 0.598945
474 1299 0.683643
475 1361 0.554422
485 1361 0.661725
498 1361 0.582749
507 1096 0.521947
523 1096 0.515492
526 455 0.533175
534 539 0.597176
535 1096 0.413075
544 793 0.629209
545 1096 0.665716
550 539 0.579892
556 706 0.623879
568 244 0.680524
570 1096 0.492243
585 314 0.435824
589 699 0.502069
595 1096 0.546000
600 314 0.261922
616 314 0.458304
624 322 0.525605
634 1096 0.625328
649 608 0.533391
665 322 0.607336
666 314 0.201317
679 278 0.244212
688 22 0.618542
706 221 0.571974
709 1165 0.418227
714 469 0.627642
721 1165 0.574531
728 307 0.472454
740 469 0.651925
750 278 0.611221
753 1165 0.522100
760 957 0.487439
808 152 0.660210
817 335 0.604581
832 608 0.686209
837 309 0.445476
859 525 0.642274
879 463 0.691571
886 647 0.613842
888 816 0.492153
891 536 0.561286
899 411 0.654110
900 539 0.644143
903 446 0.579898
908 816 0.578423
917 536 0.535277
923 539 0.567476
931 539 0.627126
949 539 0.656867
951 526 0.482033
988 541 0.618799
990 436 0.570356
997 711 0.646731
1020 179 0.535252
1039 179 0.597921
1040 180 0.551866
1071 699 0.409983
1074 631 0.363280
1076 515 0.624531
1080 270 0.501834
1081 541 0.486018
1137 1081 0.646208
1176 816 0.650605
1189 13 0.645645
1214 90 0.596397
1265 533 0.539515
1267 307 0.609152
1292 627 0.678216
1315 529 0.450616
1327 747 0.560143
1343 738 0.691780
1346 529 0.591535
1353 305 0.558757
1364 561 0.513887
1373 627 0.610917
1378 570 0.556492
1379 598 0.379130
1382 244 0.693937
1390 596 0.648635
1429 575 0.636994
1434 710 0.620477
1440 665 0.685406
1452 595 0.586454
1477 882 0.696964
1491 626 0.652161
1493 652 0.632606
1499 632 0.332167
1500 634 0.413901
1514 278 0.681560
1545 1031 0.536355
1562 974 0.500071
1563 657 0.300217
1565 658 0.665473
1567 1487 0.657654
1572 661 0.511725
1577 663 0.597974
1579 665 0.341701
1582 710 0.490857
1598 674 0.600246
1608 676 0.260701
1610 680 0.666080
1613 681 0.375942
1617 680 0.544964
1619 820 0.636673
1623 683 0.618154
1624 771 0.669860
1629 756 0.682931
1666 818 0.650975
1674 700 0.411161
1707 882 0.603986
1708 957 0.681599
1767 307 0.686936
1769 9 0.683857
1774 10 0.591779
1778 722 0.641059
1808 469 0.618157
1813 931 0.514222
1823 723 0.661723
1835 732 0.598936
1848 731 0.299976
1851 931 0.686041
1858 627 0.650069
1861 736 0.476323
1873 995 0.647328
1875 598 0.505287
1890 742 0.368650
1932 767 0.541588
1960 732 0.652843
1985 820 0.681966
1988 580 0.433217
1989 455 0.610092
1992 710 0.528456
2015 732 0.605824
2021 455 0.579160
2028 781 0.675505
2035 816 0.631223
2051 816 0.641582
2061 816 0.647953
2094 834 0.690905
2099 800 0.607143
2147 322 0.546147
2148 816 0.500579
2173 221 0.676048
2202 916 0.670641
2207 913 0.666137
2211 1096 0.472984
2217 896 0.386103
2223 906 0.492661
2229 793 0.676344
2271 233 0.649054
2275 661 0.671600
2285 912 0.655386
2297 932 0.608465
2300 765 0.656415
2303 943 0.637508
2305 937 0.668461
2310 958 0.675106
2312 939 0.371430
2318 946 0.603806
2323 952 0.472053
2331 765 0.687512
2364 980 0.591017
2388 1096 0.687069
2399 1075 0.656870
2440 1165 0.629716
2464 1008 0.670041
2488 1030 0.591681
2508 327 0.657721
2513 305 0.646339
2575 1096 0.319223
2578 14 0.618524
2587 1260 0.650254
2609 14 0.499118
2632 1068 0.650650
2634 1102 0.668805
2635 1102 0.668467
2642 1066 0.575709
2645 1102 0.623385
2646 1102 0.504145
2648 1080 0.593273
2655 1080 0.684561
2658 14 0.595683
2663 14 0.560697
2675 1245 0.653998
2689 1260 0.452375
2715 14 0.572662
2736 1376 0.483133
2738 1260 0.661502
2739 308 0.655813
2756 1376 0.481613
2765 1376 0.617314
2769 1335 0.380466
2783 1376 0.570447
2786 1335 0.401582
2790 1370 0.560713
2791 1335 0.204219
2798 1370 0.643811
2801 1335 0.204844
2802 355 0.671274
2809 1335 0.178578
2815 1367 0.631830
2816 1335 0.271548
2823 1367 0.576893
2826 1335 0.426839
2827 1387 0.647208
2832 1370 0.274350
2842 89 0.657726
2844 230 0.689612
2845 1492 0.667462
2846 89 0.587212
2853 1492 0.118674
2854 1443 0.640833
2856 1492 0.696102
2877 1492 0.088199
2880 1387 0.608148
2881 1492 0.698842
2885 1395 0.696216
2886 84 0.522993
2889 84 0.490885
2892 1492 0.685931
2894 84 0.448668
2898 1492 0.643262
2910 84 0.557331
2914 1492 0.680415
2918 22 0.583534
2920 1492 0.663263
2926 84 0.432283
2932 84 0.676136
2934 1492 0.417291
2936 84 0.423024
2941 1492 0.431889
2942 84 0.523602
2945 1492 0.434814
2953 1492 0.419667
2956 1456 0.321290
2958 1492 0.429719
2960 1451 0.643648
2962 1445 0.484194
2966 1452 0.451208
2968 1445 0.397965
2969 1457 0.533389
2971 1463 0.235071
2973 1462 0.287972
2974 1460 0.152173
2976 1462 0.557381
2978 1471 0.135986
2980 1468 0.119677
2981 1472 0.518116
2984 1472 0.243825
2986 1477 0.566995
2991 1480 0.122822
2992 1481 0.111384
2993 1482 0.253271
2995 1492 0.425332
2997 222 0.566388
2998 1486 0.250386
2999 1489 0.097280
3002 1492 0.082349
3003 1493 0.153303
3006 1494 0.525012
3009 1498 0.470261
3012 1500 0.024716
3014 1501 0.179348
3015 1501 0.083160
3016 1501 0.173598
3017 1506 0.457235
3018 1506 0.158249
3020 1509 0.290762
3022 1507 0.477436
3024 1502 0.676624
3026 1510 0.594852
3028 1506 0.370785
