457
5 4 0.512962
45 13 0.664429
60 40 0.344874
90 73 0.457684
98 81 0.503417
100 95 0.694392
105 95 0.694392
106 96 0.483483
109 95 0.694392
112 95 0.694392
114 126 0.645534
117 95 0.694392
129 27 0.647506
149 94 0.582562
188 532 0.609218
191 94 0.675265
201 4288 0.684970
240 193 0.627548
250 5945 0.694917
257 4630 0.685688
262 196 0.465929
263 634 0.577352
265 4080 0.662360
271 634 0.672604
272 4351 0.630234
278 4080 0.641444
295 5972 0.588861
296 196 0.529201
303 236 0.506498
305 219 0.619247
311 5995 0.658931
312 1877 0.559090
327 236 0.496867
332 1177 0.691535
384 213 0.640254
388 202 0.630223
390 651 0.678402
410 202 0.573963
412 5930 0.494212
437 173 0.675515
450 307 0.522062
463 458 0.628373
469 307 0.583607
482 5688 0.634927
504 5688 0.611652
506 478 0.557110
513 2052 0.435063
518 431 0.418383
525 5688 0.610779
532 492 0.647772
539 5688 0.683873
552 305 0.687818
554 5748 0.602557
555 4321 0.668520
569 5748 0.682342
585 1162 0.652426
600 392 0.623068
648 5748 0.666662
698 5898 0.581217
701 5870 0.664610
717 5748 0.663407
736 3662 0.655776
767 300 0.690682
860 478 0.692223
867 5774 0.544865
978 5631 0.698813
1070 664 0.670932
1147 2135 0.691389
1150 2135 0.358367
1151 2135 0.558469
1171 2408 0.637047
1259 1547 0.679325
1328 13 0.630255
1374 3147 0.578195
1379 4790 0.692484
1407 351 0.605194
1458 1524 0.529007
1489 51 0.679224
1552 14 0.524109
1618 2810 0.660911
1641 603 0.677900
1724 1638 0.506628
1733 2916 0.650512
1757 5726 0.691300
1806 1624 0.670029
1846 2916 0.537452
1849 1795 0.693842
1903 1744 0.675923
1930 1718 0.682190
1933 2650 0.690606
1972 2307 0.602399
2126 2092 0.661815
2128 2999 0.614599
2156 1711 0.515576
2157 1795 0.468798
2163 3718 0.516825
2206 1814 0.696586
2215 13 0.603289
2224 690 0.651858
2234 590 0.696868
2243 2724 0.666935
2276 4716 0.616290
2286 2650 0.699590
2318 1717 0.507088
2346 1739 0.493071
2397 3540 0.685023
2445 1592 0.693850
2461 4056 0.377112
2479 3346 0.615071
2511 1636 0.518947
2525 1636 0.665910
2528 1954 0.655765
2550 2913 0.668795
2609 1922 0.651920
2610 1679 0.645979
2628 1709 0.645942
2648 431 0.517203
2684 1716 0.652667
2699 4093 0.639892
2712 2135 0.566308
2722 4906 0.545764
2764 4392 0.652704
2788 2472 0.554170
2801 2118 0.577881
2816 2118 0.578569
2825 1967 0.631569
2845 2167 0.567605
2935 1057 0.678767
2952 2539 0.505987
2987 2537 0.669115
3003 2623 0.655687
3017 2600 0.663763
3021 2647 0.336434
3022 2648 0.636510
3041 2584 0.564119
3044 2663 0.676565
3065 3838 0.665350
3076 2583 0.647002
3097 2417 0.662314
3115 2705 0.457820
3128 2705 0.548100
3134 4241 0.676814
3156 2717 0.596078
3177 2389 0.650411
3193 2125 0.675885
3244 3488 0.598209
3309 3209 0.688888
3340 4427 0.602299
3365 4391 0.692166
3368 1911 0.403356
3404 1340 0.644093
3423 3428 0.691055
3455 2636 0.664648
3469 2664 0.622076
3477 3830 0.473255
3520 2708 0.686860
3540 2871 0.493168
3556 3846 0.634873
3582 3956 0.685105
3606 4425 0.554638
3618 2995 0.681170
3627 4198 0.665504
3631 4199 0.638119
3665 3019 0.417874
3671 4288 0.632393
3688 2744 0.696773
3693 3790 0.690506
3704 4304 0.657790
3709 3033 0.427845
3739 2517 0.683145
3746 3083 0.641152
3747 2459 0.597647
3752 2937 0.631191
3765 3761 0.637768
3779 2857 0.665078
3794 4163 0.630377
3796 3124 0.446255
3799 4398 0.608483
3807 3096 0.666042
3808 3396 0.571089
3810 3124 0.477138
3817 4841 0.631469
3839 3035 0.590406
3841 3460 0.690250
3873 3058 0.593274
3882 5076 0.681520
3884 1965 0.568983
3894 2891 0.512916
3915 3746 0.591449
3919 3895 0.677831
3938 1821 0.672557
3942 3102 0.549854
3944 3102 0.666950
3957 3700 0.625167
3965 2937 0.655609
3996 3204 0.552869
4004 2670 0.686867
4029 3296 0.643991
4048 3238 0.616536
4052 3244 0.602552
4054 3254 0.699752
4083 3227 0.395655
4084 3249 0.537708
4111 2810 0.651081
4116 3273 0.437225
4151 3290 0.676296
4153 3326 0.678816
4182 2315 0.561525
4202 373 0.668429
4216 3701 0.591964
4268 3362 0.615329
4280 3280 0.670022
4291 5121 0.675889
4297 3047 0.590708
4304 3373 0.667896
4323 3372 0.405304
4337 4163 0.512281
4353 3383 0.402675
4366 3397 0.344106
4383 3396 0.541160
4408 3838 0.612028
4429 4391 0.651599
4436 3843 0.656194
4443 3680 0.681726
4446 3791 0.621822
4465 5631 0.651066
4484 3536 0.636274
4488 3829 0.577817
4505 2937 0.699642
4509 3473 0.649819
4526 3486 0.643154
4535 4478 0.537745
4558 3490 0.582901
4580 3498 0.567789
4655 2994 0.571462
4702 3564 0.673502
4712 3067 0.598911
4724 3522 0.681799
4734 3296 0.577965
4762 4400 0.628369
4763 3209 0.694152
4774 3609 0.652135
4830 3635 0.685569
4874 3658 0.532379
4884 3024 0.435970
4888 4185 0.603383
4894 3181 0.661114
4914 3679 0.564287
4931 3439 0.683389
4932 3448 0.600933
4934 2964 0.688720
4948 2866 0.587301
4978 3728 0.581271
4983 3746 0.683547
4994 3125 0.693726
4998 3730 0.622140
5025 3838 0.656423
5028 4163 0.538151
5044 138 0.683089
5073 3035 0.640092
5083 3918 0.606525
5108 3787 0.631648
5109 3788 0.508737
5164 3843 0.680074
5165 3484 0.569580
5178 3124 0.615249
5186 3678 0.606703
5216 3843 0.664448
5217 2852 0.670215
5222 797 0.698887
5224 3678 0.657728
5241 3981 0.579230
5273 3208 0.601473
5275 3209 0.636827
5276 3296 0.691819
5284 3919 0.549096
5286 3981 0.633747
5288 4017 0.444118
5296 3671 0.697821
5297 3339 0.594894
5320 2100 0.597301
5375 3995 0.519322
5388 4300 0.664326
5432 3995 0.510999
5439 3761 0.586760
5456 3995 0.529314
5484 2153 0.574898
5497 3846 0.544563
5499 5230 0.588872
5523 3761 0.639088
5524 4028 0.620803
5527 4076 0.653639
5533 3845 0.571570
5572 4047 0.493579
5604 4047 0.607372
5614 2223 0.650973
5646 4089 0.544070
5657 3151 0.678735
5660 4102 0.339114
5664 3124 0.518264
5675 3485 0.671403
5706 4427 0.628173
5725 3068 0.677041
5730 3035 0.670648
5740 2636 0.583567
5744 3035 0.675751
5746 2303 0.657450
5754 4119 0.684262
5774 3678 0.673175
5781 3551 0.622116
5782 4184 0.639364
5785 3033 0.484423
5786 3848 0.604641
5824 3938 0.658114
5838 3829 0.639215
5856 3915 0.588999
5866 3536 0.654781
5868 3315 0.671180
5888 3344 0.624136
5893 3296 0.598123
5907 2316 0.688603
5933 4253 0.669630
6032 5230 0.586887
6036 2975 0.673725
6049 4336 0.559543
6050 4317 0.678233
6077 3483 0.691672
6082 3124 0.615605
6088 3296 0.660398
6100 425 0.593592
6104 3100 0.683488
6113 3830 0.381650
6136 3448 0.610260
6143 3098 0.629407
6162 1850 0.682317
6189 3697 0.540192
6191 3296 0.661625
6211 3209 0.599042
6229 3807 0.572915
6261 3124 0.568004
6262 3176 0.658076
6267 4351 0.507594
6299 3761 0.506674
6325 3776 0.650325
6331 3700 0.672107
6369 2997 0.695250
6429 3795 0.601508
6435 4602 0.682540
6463 3830 0.655396
6471 3296 0.603354
6473 4478 0.643035
6478 5230 0.601013
6485 3099 0.673370
6496 4599 0.642800
6537 4487 0.597700
6539 3098 0.470168
6546 288 0.691557
6549 3100 0.612370
6621 4796 0.685597
6622 2964 0.646898
6632 4185 0.684732
6639 4697 0.603371
6653 5040 0.675698
6705 288 0.633685
6723 4641 0.623206
6779 5230 0.583670
6785 3797 0.593055
6790 958 0.611779
6849 4601 0.699863
6882 4999 0.589359
6884 4546 0.659438
6886 4664 0.602186
6899 4798 0.517131
6900 4632 0.651889
6916 5230 0.566995
6981 4750 0.689410
7000 4766 0.604079
7003 5230 0.527159
7018 4850 0.661566
7019 4288 0.599310
7040 2408 0.553516
7068 5230 0.505318
7100 5076 0.658697
7119 5076 0.589531
7197 2916 0.483678
7367 5230 0.493662
7389 5230 0.618629
7420 5230 0.450848
7492 5500 0.599866
7507 1658 0.586254
7562 900 0.679993
7577 853 0.653170
7600 5656 0.679571
7806 5680 0.696458
7832 5814 0.548556
7839 5639 0.609544
7848 5687 0.627938
7863 4282 0.696886
7882 5687 0.625728
7910 5709 0.294889
7912 5669 0.671391
7924 5669 0.619557
7938 5748 0.633056
7954 5748 0.607888
7971 5686 0.622429
7983 5794 0.195480
8005 2889 0.526638
8015 3662 0.689266
8038 5735 0.691601
8079 5865 0.516276
8093 5865 0.531064
8100 5838 0.519208
8103 5865 0.538326
8120 5865 0.602753
8124 5838 0.517770
8128 5830 0.304480
8132 5865 0.511118
8168 5838 0.581271
8185 5898 0.312577
8213 695 0.677415
8234 5995 0.527582
8279 5945 0.670640
8299 5945 0.599728
8310 5945 0.607444
8330 4680 0.621561
8331 1701 0.542609
8342 4680 0.568434
8377 1167 0.637053
8412 6081 0.342156
8427 55 0.622319
8432 6035 0.426661
8437 11 0.464214
8440 6032 0.437185
8443 6037 0.693549
8445 6032 0.430357
8450 6041 0.432010
8453 6046 0.501451
8456 6051 0.470417
8459 6049 0.292506
8461 6054 0.213184
8466 6060 0.075199
8472 6061 0.675060
8475 6066 0.007673
8477 44 0.652183
8479 6082 0.616088
8480 6070 0.158524
8484 6075 0.316975
8486 6038 0.406464
8490 3348 0.682011
8499 6088 0.698466
8504 6092 0.211888
8507 6098 0.629001
8508 6093 0.061951
8509 6098 0.637117
8510 6094 0.662259
8512 6093 0.362425
8517 6102 0.655354
