177
1 3 0.044941
2 4 0.160640
5 16 0.535351
8 18 0.376762
21 27 0.030132
22 28 0.506215
25 2754 0.661636
32 33 0.056821
33 34 0.438359
36 3863 0.537328
41 3863 0.653445
42 3863 0.645508
45 3863 0.437564
46 798 0.475255
47 42 0.468009
50 3863 0.326861
52 44 0.229863
53 3863 0.619262
56 3863 0.550437
57 49 0.664836
58 48 0.424556
59 3863 0.478898
60 49 0.241503
63 54 0.618984
69 64 0.585336
77 79 0.596839
84 3884 0.668903
85 79 0.534596
98 3810 0.687422
130 3828 0.695919
179 3776 0.544642
191 32 0.601990
208 3770 0.596768
212 630 0.403789
221 3714 0.595760
225 3714 0.587262
237 261 0.545555
238 3824 0.654361
242 3714 0.509924
270 1555 0.477746
294 1555 0.621013
327 211 0.647019
328 34 0.696934
368 3863 0.595561
376 208 0.647442
401 2155 0.694416
418 1473 0.525755
427 629 0.623976
470 667 0.613352
471 627 0.593649
477 364 0.683210
549 4 0.688263
580 1567 0.468990
594 47 0.627278
595 315 0.523208
598 848 0.539164
614 3390 0.641752
683 488 0.689070
745 488 0.533197
748 1633 0.677194
757 488 0.527017
770 1794 0.572801
787 488 0.493753
797 488 0.542269
807 488 0.605791
855 3752 0.670051
877 1845 0.666192
884 1845 0.684174
913 799 0.675259
943 798 0.592903
946 441 0.631120
967 799 0.591418
985 690 0.522901
1028 1305 0.697795
1059 712 0.596274
1088 3873 0.576172
1089 746 0.494752
1095 746 0.488295
1107 20 0.658689
1124 1527 0.583413
1128 696 0.331618
1170 339 0.631719
1182 3733 0.615588
1233 1080 0.675184
1280 3067 0.638091
1282 1043 0.648569
1290 1983 0.680165
1291 339 0.657709
1301 1875 0.637895
1316 1560 0.631466
1319 1895 0.617770
1320 1983 0.654108
1324 1310 0.694863
1328 2038 0.639227
1355 1345 0.605615
1361 1385 0.456555
1366 1782 0.672014
1368 1427 0.681310
1372 2621 0.636774
1376 1058 0.691738
1388 1473 0.447690
1399 1794 0.536575
1410 3115 0.661502
1413 777 0.667315
1422 1567 0.565960
1427 2926 0.562823
1431 690 0.546186
1433 1782 0.573936
1436 3758 0.658986
1475 1047 0.625830
1488 3027 0.657042
1495 1915 0.567545
1497 776 0.684512
1501 1047 0.588644
1527 1023 0.623904
1542 2027 0.669131
1553 1023 0.656926
1560 1794 0.639839
1603 1023 0.697494
1620 1023 0.522549
1628 1794 0.652569
1642 3293 0.699862
1643 1023 0.684501
1691 3071 0.679798
1695 1023 0.516531
1710 1023 0.536257
1739 1023 0.539911
1744 3027 0.636901
1769 2926 0.463170
1783 1023 0.564179
1785 856 0.670938
1795 746 0.460881
1796 1023 0.601154
1821 1023 0.629161
1871 1778 0.698761
1884 3053 0.594887
1891 1956 0.627336
1915 3412 0.489624
1936 776 0.648035
1952 3412 0.356342
1967 3346 0.534805
1976 3412 0.651745
1984 3412 0.449086
1995 610 0.498896
2003 3412 0.447917
2057 3432 0.673528
2118 3718 0.586229
2138 3196 0.653987
2162 3706 0.493722
2164 208 0.648196
2167 208 0.658976
2168 3706 0.657245
2179 3706 0.598517
2188 3714 0.419838
2196 3714 0.618326
2222 3714 0.511609
2237 1554 0.684050
2244 261 0.567110
2256 3824 0.591599
2331 3770 0.537739
2356 3770 0.553638
2370 3770 0.536732
2393 946 0.605738
2402 3810 0.687915
2403 3840 0.682318
2429 3854 0.659425
2432 3854 0.447566
2435 3854 0.440897
2438 3854 0.638139
2440 3854 0.446634
2444 3863 0.117207
2458 3769 0.086913
2462 3779 0.648747
2464 27 0.274127
2474 3112 0.699808
2481 3895 0.462983
2482 3895 0.548811
