208
4 5 0.239929
12 8493 0.580379
18 6810 0.589832
22 7 0.574674
25 34 0.553682
27 8484 0.104235
28 46 0.684222
30 34 0.549502
48 72 0.529629
54 84 0.490431
61 84 0.583573
77 94 0.627208
79 98 0.616183
94 111 0.637248
96 744 0.571543
150 2291 0.558510
159 8264 0.554275
189 8372 0.464614
195 8 0.683288
214 412 0.671611
238 7910 0.669160
240 8264 0.661789
254 8264 0.656259
294 1550 0.592734
305 3009 0.613151
429 1092 0.685168
468 593 0.620910
489 968 0.631303
506 2834 0.697003
629 8027 0.529925
708 934 0.623060
744 5150 0.692618
750 1603 0.671929
838 6982 0.558336
859 1097 0.661993
884 1165 0.676976
897 821 0.569604
908 1384 0.626732
933 1165 0.646809
942 5152 0.679978
967 1807 0.664107
974 4641 0.658846
1019 1603 0.577677
1060 7072 0.687287
1091 1381 0.548130
1093 1381 0.521234
1173 1388 0.694433
1181 5256 0.670614
1194 5850 0.686109
1197 3997 0.681404
1258 4407 0.634761
1278 6080 0.686210
1293 4524 0.628517
1296 5622 0.697425
1328 5351 0.638603
1349 3388 0.670365
1386 4697 0.636225
1406 4139 0.553597
1407 3515 0.662409
1420 6080 0.640467
1429 5537 0.656376
1463 6118 0.625293
1483 3324 0.654608
1515 1328 0.589147
1522 4401 0.680397
1534 5845 0.699884
1541 5985 0.675075
1547 5353 0.648251
1571 6075 0.675962
1583 3515 0.627486
1606 3637 0.591722
1616 5537 0.624332
1617 6143 0.684022
1619 5539 0.640835
1656 5296 0.628191
1663 5307 0.613834
1739 4673 0.588297
1791 1698 0.696590
1798 5334 0.692584
1812 3324 0.649364
1818 5298 0.659126
1819 5311 0.659703
1820 5356 0.683867
1825 4028 0.685000
1837 5352 0.634104
1874 4376 0.630414
1895 5911 0.544955
1911 6500 0.326907
1914 5150 0.698673
1930 4524 0.617113
1969 5952 0.673883
1973 4569 0.652745
1986 5510 0.534343
2014 4069 0.466492
2017 5363 0.552387
2056 7123 0.625873
2057 5150 0.499739
2160 6652 0.663342
2166 5199 0.668235
2177 6500 0.586990
2195 6140 0.648622
2211 4393 0.543642
2217 6736 0.685702
2223 5150 0.513782
2233 3107 0.699509
2236 3107 0.578054
2252 7447 0.681309
2291 4082 0.647523
2293 5150 0.560816
2312 3706 0.628972
2337 5435 0.697803
2369 6500 0.339780
2377 3693 0.557072
2395 3809 0.680433
2452 5150 0.657245
2457 5468 0.649235
2487 4885 0.512857
2506 4202 0.606932
2541 5622 0.671937
2544 6500 0.396713
2549 5622 0.691247
2554 5150 0.658150
2596 3809 0.564565
2640 4082 0.669827
2644 5435 0.598687
2645 6004 0.628720
2654 4082 0.502610
2669 4082 0.561571
2683 6388 0.680808
2685 5435 0.646550
2700 1178 0.683826
2710 5150 0.627187
2720 5622 0.629755
2730 4471 0.665482
2769 5150 0.672419
2770 5594 0.627778
2802 5150 0.553325
2819 4912 0.693249
2826 6310 0.623433
2842 3548 0.641604
2868 1732 0.626527
2910 5150 0.679726
2923 6500 0.620615
2968 1732 0.667656
3042 2198 0.646339
3045 5150 0.586230
3081 5150 0.644675
3234 7488 0.624011
3248 7488 0.547212
3304 7796 0.570881
3315 8281 0.686485
3319 7796 0.634245
3332 7796 0.634412
3371 8306 0.615542
3378 7796 0.650591
3402 1092 0.534252
3412 7721 0.363379
3432 7796 0.229925
3443 7796 0.180865
3453 7796 0.200174
3466 7796 0.171492
3468 8331 0.626348
3472 8306 0.669243
3476 7796 0.217389
3487 7872 0.581633
3502 7872 0.695349
3523 7920 0.298863
3554 1565 0.594335
3652 8082 0.652075
3660 8082 0.577213
3668 2102 0.585824
3718 7910 0.695647
3724 8128 0.473707
3728 8252 0.580424
3737 7910 0.484631
3740 8315 0.683989
3745 7910 0.480219
3769 8480 0.069065
3778 8222 0.271282
3783 8222 0.545139
3791 8412 0.302457
3794 653 0.667873
3798 359 0.624218
3800 32 0.304958
3807 8399 0.635210
3808 8403 0.536293
3813 8403 0.656855
3818 8403 0.653921
3821 8412 0.142341
3830 8412 0.152589
3838 8433 0.569221
3841 8403 0.680529
3845 8448 0.108547
3846 224 0.673726
3849 8403 0.699440
3854 8453 0.164192
3856 8456 0.424735
3863 8466 0.099863
3868 8403 0.640911
3878 8427 0.451492
3883 8412 0.345474
3884 8477 0.630215
3885 8489 0.329384
3891 8504 0.578879
3892 8504 0.517327
3893 8512 0.656580
3894 8514 0.546210
3895 8501 0.424340
