218
1 9 0.671909
4 3 0.111018
5 4 0.164600
8 19 0.684022
20 28 0.062378
24 2844 0.666468
25 38 0.491399
28 496 0.621497
39 53 0.375135
53 70 0.658972
87 3005 0.604684
111 285 0.648079
112 1030 0.647692
121 141 0.564608
142 141 0.605135
149 1030 0.573291
175 2812 0.570853
180 141 0.693848
183 2812 0.659952
194 2812 0.670596
198 2812 0.551491
211 285 0.698888
227 556 0.679798
238 556 0.668519
243 556 0.666801
247 2609 0.679711
248 2747 0.645804
251 288 0.691252
255 2812 0.688796
279 190 0.676252
441 1019 0.662414
503 2066 0.645986
539 2066 0.694984
541 368 0.674321
588 1036 0.677247
602 1686 0.595492
658 2005 0.661715
666 2413 0.654746
678 2710 0.694840
704 1302 0.607146
749 879 0.689237
756 189 0.698451
760 2629 0.669293
768 2629 0.648123
770 894 0.638274
773 1107 0.636095
805 746 0.482186
867 1265 0.331961
903 974 0.621843
937 995 0.670405
940 2076 0.553735
945 173 0.554150
977 1060 0.673837
978 1344 0.606164
994 1069 0.525856
1002 1122 0.653393
1007 1166 0.637961
1011 1122 0.581086
1025 636 0.588530
1026 1185 0.655290
1044 195 0.683409
1056 1229 0.610107
1084 1561 0.677886
1087 1208 0.550412
1095 1208 0.482404
1098 1302 0.655360
1112 196 0.698262
1140 1243 0.335823
1153 1257 0.523761
1166 1275 0.625587
1193 1280 0.287103
1196 1283 0.528158
1201 1284 0.282298
1202 1285 0.690528
1207 1292 0.667017
1209 1296 0.689980
1211 284 0.605899
1216 1306 0.312984
1219 1311 0.606682
1222 1316 0.684568
1226 1320 0.623411
1234 1329 0.652227
1239 1338 0.373956
1247 1345 0.463870
1252 1352 0.528334
1258 1289 0.548842
1272 1373 0.646026
1282 1404 0.433724
1284 1408 0.496339
1289 1630 0.569765
1292 1420 0.589727
1295 1419 0.678656
1306 1446 0.388035
1319 1688 0.470028
1326 1474 0.526247
1332 1483 0.566692
1336 1490 0.698156
1342 993 0.656614
1343 1497 0.691482
1346 1247 0.461854
1348 1498 0.520371
1360 1516 0.441102
1364 1082 0.698162
1390 1549 0.660982
1402 1556 0.497156
1429 806 0.658213
1486 1600 0.619197
1498 1568 0.655404
1511 1607 0.659810
1512 1617 0.568878
1516 1564 0.579435
1518 1099 0.542578
1534 1228 0.603209
1535 1715 0.692877
1551 952 0.658519
1561 1147 0.602633
1604 1646 0.614682
1650 1146 0.685667
1663 18 0.603083
1706 1837 0.662775
1751 1722 0.530100
1764 1740 0.644984
1795 1747 0.320364
1801 1748 0.546020
1804 556 0.677902
1807 1749 0.550730
1815 1772 0.549163
1837 1785 0.664920
1851 407 0.632526
1879 1837 0.583805
1889 1826 0.405342
1905 1843 0.601178
1943 1863 0.556362
1954 1863 0.513494
1962 1856 0.624155
1985 1899 0.443678
1991 2020 0.619573
2020 2136 0.655341
2039 2144 0.639852
2052 2020 0.585629
2075 2020 0.606695
2099 2020 0.618646
2106 2052 0.689445
2158 1899 0.542685
2167 2844 0.622120
2208 2184 0.692974
2287 2184 0.685376
2288 2066 0.540890
2307 2639 0.661924
2330 1286 0.598819
2340 794 0.645244
2347 2181 0.493923
2348 2184 0.698771
2366 2066 0.618970
2393 2076 0.643577
2421 644 0.663395
2445 2181 0.527978
2465 2466 0.648986
2522 1595 0.650316
2569 634 0.651872
2574 2466 0.686962
2645 2440 0.195158
2747 2440 0.100581
2781 1811 0.672914
2797 2440 0.137335
2836 634 0.622251
2906 1817 0.686639
2924 2725 0.694112
2950 2440 0.235307
2961 846 0.693005
2962 2534 0.693573
3229 2569 0.674287
3373 2211 0.689251
3388 2211 0.630643
3425 224 0.609728
3430 390 0.652680
3445 390 0.586891
3487 390 0.619154
3490 1453 0.574729
3509 390 0.615680
3512 406 0.666304
3525 2762 0.612693
3547 506 0.531716
3558 506 0.657024
3571 2791 0.492446
3577 2832 0.653949
3597 2731 0.607795
3600 2806 0.696918
3601 270 0.649832
3605 2731 0.438811
3609 1979 0.663448
3623 2731 0.699436
3624 270 0.585380
3634 270 0.658501
3672 2892 0.674708
3678 2881 0.440997
3680 2835 0.634099
3686 150 0.698143
3687 2835 0.617401
3692 2864 0.159830
3696 2880 0.699841
3698 2888 0.114125
3702 2864 0.198280
3704 141 0.679670
3706 2885 0.631009
3707 2888 0.132961
3711 2888 0.508740
3712 2909 0.524131
3718 2999 0.625247
3721 2914 0.573383
3725 2914 0.539676
3749 2844 0.697051
3755 2999 0.600421
3767 2999 0.651290
3768 3010 0.659844
3771 3015 0.459685
3773 3020 0.362205
3781 3024 0.671174
