285
5 2 0.018450
14 6 0.409342
19 1402 0.692558
24 232 0.666903
27 16 0.322474
29 18 0.497355
37 19 0.697833
38 59 0.650043
39 40 0.546527
40 232 0.650068
43 32 0.302020
44 33 0.518752
53 37 0.485301
58 2396 0.632834
65 49 0.482563
72 55 0.257363
78 57 0.615426
80 60 0.283898
84 65 0.459712
88 68 0.470157
91 72 0.193359
93 72 0.503320
95 75 0.591037
101 100 0.328168
108 100 0.384809
113 100 0.677099
116 100 0.445750
121 40 0.652726
135 139 0.504226
140 152 0.275869
149 169 0.449345
155 173 0.580401
156 529 0.651935
167 152 0.334522
181 173 0.502136
188 1432 0.536269
215 357 0.627358
251 1301 0.641392
262 1289 0.625782
263 2396 0.573264
268 475 0.573377
282 298 0.650622
329 2911 0.634404
330 51 0.640093
347 2754 0.331446
352 409 0.687917
362 2754 0.373877
377 291 0.351355
394 1676 0.682079
396 1180 0.600335
429 312 0.653257
440 1127 0.585217
448 2754 0.371004
450 235 0.672255
465 409 0.277169
479 143 0.624961
507 658 0.585725
516 2771 0.608881
517 327 0.543814
521 2771 0.629457
522 1933 0.547464
525 504 0.521750
550 2771 0.633840
568 576 0.678948
570 1708 0.617717
588 1431 0.527616
590 1753 0.557293
597 2771 0.537510
613 2771 0.568766
630 1769 0.491271
634 2771 0.660486
636 2396 0.689507
651 672 0.684581
682 740 0.657604
709 740 0.536135
728 1900 0.677614
747 991 0.651685
753 740 0.577404
764 1139 0.570357
789 1744 0.663576
799 740 0.558051
800 1769 0.648323
818 1580 0.427503
832 1764 0.626721
836 2110 0.647401
845 1859 0.643015
850 1438 0.422012
873 949 0.647040
880 1429 0.626064
892 1574 0.508495
894 795 0.544027
946 952 0.611371
962 100 0.664259
973 2125 0.680859
1022 236 0.684155
1083 1108 0.586002
1108 993 0.658316
1111 883 0.606172
1117 992 0.585203
1127 1081 0.697486
1146 209 0.610747
1154 1708 0.453585
1170 2330 0.667217
1175 1117 0.631486
1179 1145 0.694716
1212 573 0.699982
1214 1824 0.665287
1228 1471 0.641722
1230 1824 0.653617
1254 1824 0.685213
1272 1214 0.624541
1321 1824 0.622587
1347 1824 0.693802
1350 1293 0.634022
1368 1321 0.476745
1374 1308 0.572334
1375 658 0.670339
1379 1316 0.630744
1384 737 0.663700
1398 41 0.511291
1407 1358 0.650662
1413 1350 0.550423
1445 904 0.669856
1453 1496 0.550481
1456 1307 0.551482
1465 1446 0.586103
1498 1496 0.692161
1500 1480 0.475563
1513 1488 0.451458
1525 1451 0.451410
1547 1476 0.337635
1552 1479 0.438472
1568 1289 0.497428
1570 1491 0.628809
1572 1517 0.584236
1587 1487 0.676458
1590 1656 0.545828
1610 1542 0.697145
1612 1552 0.676694
1635 1545 0.659675
1636 1580 0.598952
1647 1823 0.579371
1654 1580 0.555361
1671 1592 0.471786
1674 1524 0.688871
1676 1589 0.335111
1686 1595 0.687770
1695 1608 0.356219
1717 1623 0.531941
1718 1623 0.694208
1719 1622 0.685258
1721 1714 0.525172
1728 1627 0.594343
1729 1629 0.692078
1739 991 0.682161
1771 1685 0.528171
1784 738 0.678410
1791 1582 0.695282
1794 1925 0.662032
1811 1670 0.651022
1817 866 0.563619
1821 1673 0.695310
1823 1814 0.685088
1839 1693 0.695157
1845 1707 0.597134
1850 1706 0.398694
1860 1714 0.517710
1862 1553 0.681962
1867 1722 0.621368
1887 1778 0.382903
1892 1741 0.678260
1900 1766 0.574816
1947 2330 0.677737
1953 2916 0.552449
1954 1778 0.608154
1960 1755 0.407481
1970 1759 0.622466
1995 1764 0.320887
2002 1844 0.676350
2008 1776 0.672748
2014 1289 0.508419
2016 1778 0.636605
2018 1784 0.691600
2023 1783 0.650956
2025 1814 0.590252
2026 1788 0.613908
2034 1769 0.657260
2037 1790 0.459401
2039 1794 0.251855
2074 1685 0.523391
2093 2080 0.532362
2161 1651 0.541642
2177 1710 0.654522
2185 757 0.483374
2231 1894 0.691431
2239 1877 0.550819
2278 1870 0.588553
2286 1906 0.616732
2287 1872 0.430307
2295 1854 0.686772
2311 1891 0.580320
2317 1933 0.665698
2324 1925 0.290137
2332 1872 0.690566
2336 1933 0.596285
2344 1917 0.379662
2355 1927 0.696369
2364 1678 0.602837
2366 1940 0.668866
2384 1941 0.660695
2394 1951 0.546617
2397 1952 0.658959
2402 1365 0.628748
2422 1826 0.661229
2436 989 0.670475
2494 2330 0.661386
2598 1545 0.653986
2627 1826 0.685706
2676 1288 0.614681
2688 2277 0.678533
2694 1645 0.520569
2700 2364 0.671577
2748 1236 0.610790
2810 1645 0.628409
3088 2703 0.680792
3092 1809 0.666409
3101 2754 0.537104
3106 2754 0.512454
3116 2754 0.552088
3121 2754 0.571793
3131 2754 0.571029
3136 2754 0.542127
3140 2754 0.464821
3150 571 0.517568
3161 2687 0.016099
3169 2687 0.016203
3177 2687 0.247866
3184 2789 0.541802
3220 2702 0.589813
3222 571 0.628536
3223 2896 0.686819
3235 2702 0.650112
3239 571 0.395446
3244 2702 0.668160
3257 571 0.689508
3307 554 0.582609
3308 571 0.615082
3328 2870 0.599846
3418 2896 0.673223
3432 3017 0.692572
3447 3043 0.540641
3459 30 0.099384
3460 220 0.655938
3461 375 0.652903
3479 3003 0.429734
3493 3035 0.624025
3497 3003 0.656443
3513 3050 0.246992
3514 3048 0.265123
3515 3050 0.476402
3519 3048 0.275287
3521 3047 0.376274
3522 3048 0.505379
3525 3048 0.392127
3528 3048 0.577566
3531 3061 0.461245
3532 3058 0.198671
3534 3068 0.217719
3536 3065 0.146111
3541 3073 0.139759
3543 3080 0.234409
3544 3076 0.271980
3548 3076 0.563046
3550 3083 0.030521
3552 324 0.597854
3563 2976 0.690462
3567 3003 0.129784
3584 3122 0.169187
3585 3130 0.241329
3586 3131 0.641086
3590 3135 0.330442
3591 3129 0.653476
3593 3137 0.635690
3596 3135 0.379528
3597 3140 0.598792
