227
4 4 0.119712
5 5 0.137751
14 87 0.556130
15 87 0.579711
21 87 0.508747
27 87 0.533224
28 17 0.261700
29 18 0.268870
33 20 0.038449
36 1919 0.688170
39 25 0.687137
49 39 0.633657
56 87 0.518154
77 87 0.574899
93 87 0.541636
104 94 0.656473
113 80 0.676054
162 3700 0.691409
179 3070 0.673032
182 3686 0.585972
189 3686 0.546058
191 3070 0.568490
195 27 0.597189
196 3681 0.507134
197 3686 0.604789
204 87 0.667858
206 3070 0.517621
207 3686 0.548489
210 3712 0.692101
215 3696 0.531963
217 3686 0.547864
220 3070 0.549598
224 3689 0.632628
232 3070 0.668271
241 3070 0.611976
262 3706 0.655640
282 3405 0.613332
298 168 0.541458
308 2136 0.679415
309 168 0.547251
315 196 0.616819
327 141 0.662955
341 1402 0.625409
350 3304 0.570637
354 1402 0.655948
366 274 0.658338
397 226 0.605875
399 3727 0.600319
402 3304 0.567581
415 3727 0.589033
419 226 0.620850
427 3727 0.544119
430 226 0.646232
432 3304 0.621750
442 3304 0.670357
463 1044 0.680194
498 532 0.653823
527 226 0.631885
531 551 0.693269
547 1515 0.667268
555 1515 0.555279
574 563 0.644749
580 625 0.611953
583 274 0.636780
590 545 0.698531
596 1515 0.599407
607 1515 0.636801
608 625 0.490876
630 3004 0.689094
638 1584 0.670880
660 196 0.668300
680 1044 0.687300
698 588 0.699142
747 581 0.623306
783 1562 0.635840
792 462 0.287471
807 462 0.359736
836 478 0.614295
874 1794 0.644149
891 282 0.546629
951 776 0.611694
958 775 0.645449
987 462 0.485877
1011 1742 0.672843
1018 462 0.468293
1037 462 0.363923
1045 928 0.651514
1054 939 0.623987
1118 1184 0.691019
1127 749 0.576549
1134 1184 0.679427
1175 462 0.617464
1201 462 0.455311
1306 1474 0.681858
1328 1158 0.535891
1381 1534 0.682672
1438 761 0.699543
1445 817 0.678305
1450 1022 0.645394
1458 1942 0.583368
1460 1291 0.568453
1491 692 0.609360
1503 2344 0.618861
1510 1203 0.631548
1570 1792 0.607242
1579 1822 0.620071
1588 12 0.616522
1652 924 0.648256
1685 1161 0.667641
1710 3356 0.693652
1777 927 0.661275
1795 1182 0.647745
1817 1563 0.659397
1830 588 0.456877
1849 2234 0.570044
1851 1509 0.689356
1867 828 0.678010
1879 2234 0.594892
1882 1959 0.613356
1893 1509 0.697977
1898 1983 0.478066
1905 2030 0.669028
1906 1955 0.689108
1920 2051 0.682251
1950 1838 0.696366
1959 1838 0.604887
2002 932 0.602810
2052 1767 0.651361
2054 989 0.378368
2060 2234 0.625869
2086 1182 0.694544
2105 2234 0.682596
2124 2251 0.644269
2147 2234 0.661166
2150 865 0.661210
2160 2020 0.692399
2164 2266 0.481465
2178 1243 0.680041
2188 2278 0.626939
2192 1243 0.687367
2197 838 0.697437
2208 935 0.689916
2220 2039 0.650632
2261 462 0.455885
2312 2292 0.645208
2339 2383 0.520525
2348 989 0.563375
2392 2383 0.687106
2399 2194 0.557923
2404 2286 0.436782
2427 2549 0.640944
2451 168 0.619784
2469 2385 0.172403
2516 588 0.657789
2523 2385 0.170358
2545 1896 0.630541
2615 479 0.660270
2625 2569 0.370027
2641 168 0.640780
2643 479 0.694869
2648 2645 0.584012
2659 168 0.578515
2665 2645 0.590780
2668 1358 0.649159
2669 1423 0.554762
2670 3480 0.645764
2684 1572 0.645488
2693 1423 0.603406
2728 2645 0.589208
2756 2747 0.375004
2774 1577 0.667896
2784 2898 0.382789
2811 3592 0.699786
2823 226 0.627245
2829 278 0.699584
2853 3002 0.664828
2914 1558 0.567617
2933 3466 0.694267
2935 1402 0.676627
2940 3466 0.641329
2947 3466 0.614159
2975 1402 0.521706
2976 247 0.551003
2982 3466 0.598261
2991 1402 0.489955
2993 247 0.229838
2998 1430 0.677418
3014 3466 0.595038
3015 1423 0.679833
3020 3539 0.660406
3027 221 0.531036
3042 226 0.545358
3086 850 0.589421
3129 1511 0.600325
3132 419 0.686824
3136 419 0.681359
3142 419 0.689370
3152 226 0.607605
3159 3696 0.378806
3226 3686 0.550358
3240 3070 0.699952
3241 3070 0.574097
3246 112 0.552756
3247 3686 0.581070
3252 1348 0.694052
3260 3719 0.617452
3264 3070 0.560008
3267 87 0.542432
3271 3070 0.643105
3281 87 0.528988
3285 3689 0.550691
3286 3070 0.526513
3293 3719 0.566307
3309 3726 0.660171
3312 3768 0.678409
3319 99 0.694067
3320 3740 0.420133
3330 3768 0.660352
3339 80 0.659890
3340 3768 0.643285
3348 3768 0.619021
3385 3768 0.613828
3406 3768 0.540430
3413 3768 0.515563
3435 3778 0.668544
3437 3778 0.528773
3441 3781 0.693493
