278
4 1 0.037722
8 2724 0.619013
21 124 0.685600
30 43 0.201277
35 51 0.029827
38 60 0.051340
43 69 0.035283
44 64 0.481451
46 82 0.675612
51 80 0.291560
52 843 0.504518
53 82 0.651752
54 84 0.350510
55 843 0.393338
56 85 0.419139
57 89 0.317899
58 843 0.638961
60 87 0.342342
67 96 0.383790
69 125 0.648996
77 111 0.589682
83 100 0.669904
85 112 0.422145
98 156 0.346914
130 156 0.241554
160 3207 0.590820
177 295 0.686559
182 250 0.205471
188 3432 0.598021
195 3432 0.593032
196 250 0.684154
201 755 0.666287
215 3445 0.578427
219 294 0.639975
227 3432 0.607658
228 3445 0.652056
244 749 0.581543
254 395 0.613789
256 749 0.588109
273 3229 0.663975
283 444 0.566442
287 453 0.657112
305 464 0.682568
319 380 0.577241
324 464 0.586664
340 506 0.522366
341 69 0.519903
348 488 0.508495
358 562 0.303178
371 781 0.664793
383 791 0.623303
385 508 0.684430
425 607 0.342701
433 3093 0.612746
438 461 0.618910
465 696 0.643219
499 1494 0.559382
522 1118 0.610997
529 3072 0.595969
530 740 0.670597
540 756 0.675329
548 740 0.650081
560 740 0.521293
581 770 0.642280
582 3228 0.538999
589 740 0.422201
594 3093 0.410819
627 3228 0.542027
629 603 0.661107
632 770 0.470993
642 2943 0.670964
643 906 0.561129
653 3228 0.505709
663 2494 0.648298
665 631 0.682071
680 942 0.685110
687 2741 0.634610
697 906 0.622613
718 2494 0.521054
736 928 0.688850
759 2494 0.585821
810 1057 0.282499
830 1032 0.460548
883 2485 0.671944
996 2548 0.676680
1036 967 0.594280
1080 2135 0.590284
1141 1635 0.691742
1149 356 0.536817
1156 1679 0.648426
1159 1242 0.685713
1164 1348 0.624392
1189 1055 0.651177
1238 1326 0.539476
1274 1349 0.679078
1333 973 0.699151
1378 1595 0.694284
1396 387 0.663252
1443 2548 0.486154
1470 2179 0.590529
1504 2102 0.677331
1552 1795 0.651902
1579 2295 0.621352
1587 1105 0.568248
1639 1468 0.614890
1702 2665 0.697122
1708 21 0.640366
1714 1242 0.420940
1739 1595 0.609086
1741 1598 0.686391
1766 1595 0.678612
1795 2118 0.644798
1799 1612 0.643411
1806 1584 0.384918
1814 653 0.633901
1815 1071 0.672313
1830 1973 0.651862
1834 1973 0.244715
1836 744 0.636906
1841 1385 0.642016
1843 1886 0.608608
1849 1484 0.642611
1860 1564 0.182915
1873 2179 0.689605
1885 1564 0.152697
1892 2317 0.669276
1906 791 0.610586
1909 1564 0.127441
1913 1851 0.680272
1931 815 0.415417
1939 1564 0.209329
1964 1564 0.172111
1979 2427 0.690672
1994 1564 0.210902
1996 1670 0.654101
2002 2590 0.659694
2086 1564 0.489342
2098 1564 0.660114
2105 1420 0.638629
2111 2322 0.693702
2116 2849 0.647669
2119 1564 0.650491
2130 2020 0.519921
2138 1326 0.637503
2158 2849 0.608295
2170 2150 0.632721
2173 2590 0.515002
2179 2358 0.693032
2211 2150 0.597217
2230 2590 0.453223
2263 271 0.613007
2265 2150 0.683152
2273 2333 0.675714
2288 2962 0.624029
2354 2590 0.482932
2430 2590 0.587214
2438 456 0.551486
2455 1113 0.655785
2469 2590 0.335483
2476 1275 0.697217
2478 1105 0.687385
2488 1113 0.677101
2498 2590 0.378519
2559 2419 0.662911
2568 2547 0.336218
2607 2547 0.670248
2616 146 0.593711
2637 2418 0.574381
2655 2406 0.487862
2679 1355 0.696412
2680 60 0.637706
2683 2547 0.517780
2697 1634 0.694031
2725 1598 0.688946
2733 1553 0.598687
2744 2559 0.633891
2777 2609 0.624872
2823 2765 0.669651
2836 2987 0.645368
2853 2811 0.626427
2872 2722 0.072840
2888 1564 0.688968
2918 2051 0.683867
2923 2987 0.658985
2924 2896 0.568617
2947 2987 0.563067
2972 2987 0.495039
2973 2896 0.609973
2994 2970 0.407053
2996 3093 0.672906
3013 3093 0.602544
3024 2987 0.574037
3025 749 0.664395
3028 2896 0.400478
3035 3093 0.568260
3039 2809 0.655873
3051 2357 0.647997
3057 3026 0.434477
3080 3111 0.669384
3085 2896 0.664995
3098 1481 0.645320
3105 3079 0.387538
3110 1481 0.674693
3143 687 0.686581
3156 630 0.667985
3159 3091 0.622557
3160 660 0.544348
3164 2987 0.653371
3188 2987 0.566161
3190 660 0.637388
3198 630 0.690556
3200 3079 0.611267
3202 660 0.508340
3213 3079 0.587004
3215 3111 0.545319
3224 630 0.666997
3230 2987 0.662012
3231 3178 0.416860
3234 3260 0.681689
3243 2987 0.596997
3245 585 0.620929
3263 2943 0.681522
3302 3228 0.619757
3309 3228 0.531584
3320 3228 0.528018
3330 3228 0.567417
3335 749 0.526650
3338 3228 0.659229
3364 2051 0.670359
3366 3111 0.614635
3383 2198 0.524722
3395 2198 0.640274
3400 3295 0.653788
3406 3093 0.684703
3430 3093 0.672402
3431 357 0.631868
3438 3093 0.659864
3447 2198 0.697149
3464 3448 0.679216
3490 3364 0.663506
3503 566 0.605465
3505 3364 0.614961
3519 3354 0.427164
3546 449 0.423263
3552 449 0.572956
3560 2185 0.655201
3576 3445 0.608850
3579 3519 0.432347
3582 287 0.588860
3591 287 0.657753
3595 3428 0.682562
3602 3651 0.543132
3631 291 0.603061
3639 291 0.538436
3640 3428 0.695253
3647 291 0.541700
3655 3483 0.640666
3658 3519 0.308161
3664 329 0.653305
3665 3663 0.449493
3675 3519 0.297121
3686 3519 0.390821
3691 3517 0.692552
3697 3663 0.504819
3698 3514 0.641155
3706 3558 0.536263
3736 1160 0.611649
3741 548 0.594048
3770 3675 0.614689
3775 3691 0.674104
3776 3677 0.392501
3777 3693 0.365310
3778 3690 0.651947
3779 3676 0.519944
3780 3677 0.574177
3781 3694 0.460145
3784 3692 0.366095
3785 3692 0.480805
