IMG_0001.warp.tga IMG_0002.warp.tga 1.000000e+00 0.000000e+00 -3.333333e-01 0.000000e+00 1.000000e+00 -4.761905e-02 0.000000e+00 0.000000e+00 1.000000e+00
IMG_0002.warp.tga IMG_0003.warp.tga 1.000000e+00 0.000000e+00 -1.084619e+03 0.000000e+00 1.000000e+00 9.257143e+01 0.000000e+00 0.000000e+00 1.000000e+00
IMG_0003.warp.tga IMG_0004.warp.tga 1.000000e+00 0.000000e+00 0.000000e+00 0.000000e+00 1.000000e+00 0.000000e+00 0.000000e+00 0.000000e+00 1.000000e+00
IMG_0004.warp.tga IMG_0005.warp.tga 1.000000e+00 0.000000e+00 -1.081087e+03 0.000000e+00 1.000000e+00 4.334783e+01 0.000000e+00 0.000000e+00 1.000000e+00
IMG_0005.warp.tga IMG_0006.warp.tga 1.000000e+00 0.000000e+00 -2.222222e-01 0.000000e+00 1.000000e+00 0.000000e+00 0.000000e+00 0.000000e+00 1.000000e+00
IMG_0006.warp.tga IMG_0007.warp.tga 1.000000e+00 0.000000e+00 0.000000e+00 0.000000e+00 1.000000e+00 1.176471e-01 0.000000e+00 0.000000e+00 1.000000e+00
IMG_0007.warp.tga IMG_0008.warp.tga 1.000000e+00 0.000000e+00 -1.250000e-01 0.000000e+00 1.000000e+00 -6.250000e-02 0.000000e+00 0.000000e+00 1.000000e+00
IMG_0008.warp.tga IMG_0009.warp.tga 1.000000e+00 0.000000e+00 0.000000e+00 0.000000e+00 1.000000e+00 0.000000e+00 0.000000e+00 0.000000e+00 1.000000e+00
IMG_0009.warp.tga IMG_0010.warp.tga 1.000000e+00 0.000000e+00 -1.074059e+03 0.000000e+00 1.000000e+00 2.911765e+00 0.000000e+00 0.000000e+00 1.000000e+00
IMG_0010.warp.tga IMG_0011.warp.tga 1.000000e+00 0.000000e+00 -6.190476e-01 0.000000e+00 1.000000e+00 0.000000e+00 0.000000e+00 0.000000e+00 1.000000e+00
IMG_0011.warp.tga IMG_0012.warp.tga 1.000000e+00 0.000000e+00 6.551724e-01 0.000000e+00 1.000000e+00 6.896552e-02 0.000000e+00 0.000000e+00 1.000000e+00
IMG_0012.warp.tga IMG_0001.warp.tga 1.000000e+00 0.000000e+00 -3.030303e-02 0.000000e+00 1.000000e+00 7.575758e-01 0.000000e+00 0.000000e+00 1.000000e+00
