366
0 0 0.087663
1 1 0.043089
14 1997 0.674510
26 43 0.617713
29 75 0.463526
32 819 0.570917
34 43 0.431214
40 903 0.663318
55 7 0.366484
58 135 0.524757
80 10 0.331739
109 75 0.629121
115 75 0.648310
119 315 0.671556
129 837 0.671517
135 46 0.387715
166 53 0.636460
167 55 0.453360
169 88 0.631060
172 60 0.614307
176 92 0.554587
178 96 0.624763
180 67 0.646925
181 70 0.620753
188 110 0.472241
192 118 0.412491
195 103 0.340460
200 87 0.557404
203 130 0.342133
213 143 0.277846
217 129 0.402792
223 154 0.448724
224 155 0.672872
230 151 0.335276
235 150 0.698773
236 171 0.327362
240 180 0.588432
249 161 0.667292
250 169 0.685720
251 170 0.408950
258 191 0.427193
270 198 0.373390
271 199 0.371210
272 200 0.644096
274 215 0.511359
275 216 0.244104
278 863 0.539178
282 211 0.634065
285 221 0.483901
286 222 0.403531
289 187 0.379551
290 208 0.552323
291 209 0.258689
292 210 0.487838
298 206 0.398879
302 234 0.451803
308 204 0.437713
309 226 0.426938
311 233 0.407583
322 586 0.648517
332 265 0.682773
337 254 0.686805
352 274 0.618270
353 275 0.518216
354 280 0.451998
355 286 0.573509
364 289 0.573261
365 256 0.697282
383 318 0.470795
384 326 0.640619
385 34 0.524670
391 325 0.520445
393 331 0.403760
396 330 0.575235
403 333 0.699079
405 334 0.318464
406 335 0.323078
407 336 0.440157
408 612 0.654654
409 649 0.466909
428 360 0.218194
432 356 0.286613
433 369 0.276735
437 376 0.542075
439 377 0.322793
440 378 0.382407
441 379 0.332705
444 382 0.542647
449 387 0.499477
451 388 0.489140
454 390 0.503519
464 970 0.696915
470 414 0.422574
471 415 0.393167
475 411 0.607948
479 424 0.631427
481 425 0.379579
486 430 0.603526
487 432 0.680013
497 445 0.314076
498 446 0.647083
500 447 0.672828
509 455 0.473097
510 448 0.414824
512 458 0.613351
516 465 0.691657
519 470 0.313966
525 130 0.636943
528 478 0.575631
530 480 0.690050
535 495 0.608411
547 498 0.246361
548 499 0.636814
549 488 0.604648
552 34 0.396618
553 502 0.444804
556 522 0.609009
557 510 0.471300
558 511 0.358484
559 512 0.544130
561 503 0.324938
563 1090 0.536473
564 523 0.332819
565 524 0.446564
569 514 0.435122
576 534 0.456278
578 536 0.626682
584 538 0.199286
585 540 0.348024
590 539 0.304822
591 541 0.410863
593 542 0.578491
595 543 0.506428
597 569 0.608041
601 560 0.273167
602 563 0.266448
603 564 0.682134
607 571 0.562754
608 572 0.396850
610 565 0.427928
619 580 0.326371
623 591 0.513093
624 593 0.681072
627 609 0.462767
628 594 0.682927
639 598 0.380657
640 599 0.455179
641 600 0.432101
645 625 0.664788
651 615 0.676636
652 1951 0.647865
660 637 0.520170
661 626 0.358025
665 638 0.654204
672 631 0.688623
674 657 0.622810
676 647 0.385615
677 648 0.579419
678 640 0.541376
682 634 0.639950
689 685 0.692174
690 658 0.395903
691 660 0.421561
692 661 0.331581
693 649 0.198297
700 692 0.437017
705 662 0.337945
706 650 0.665434
709 654 0.556057
713 686 0.270789
715 687 0.672276
716 673 0.416018
719 710 0.573925
720 695 0.537792
721 688 0.410308
723 689 0.337657
725 705 0.685623
727 690 0.416317
730 706 0.268505
731 707 0.359105
737 253 0.605330
745 746 0.582479
748 738 0.428457
754 715 0.501634
755 760 0.483706
756 727 0.345069
757 728 0.339081
760 719 0.455905
766 739 0.637755
768 740 0.128915
776 787 0.502864
778 770 0.675006
779 761 0.565625
783 752 0.597853
785 771 0.368667
792 773 0.541911
799 814 0.495790
801 784 0.247517
802 775 0.488223
803 764 0.518805
806 795 0.233463
807 796 0.531896
809 789 0.503543
810 790 0.510983
814 815 0.194751
815 772 0.684598
816 780 0.543915
824 791 0.531993
826 786 0.333851
834 828 0.243387
835 792 0.292551
838 851 0.455732
842 788 0.578048
843 818 0.217237
849 823 0.693810
853 829 0.691689
887 311 0.461531
889 868 0.665899
901 890 0.263786
902 886 0.375378
927 895 0.678212
970 927 0.493571
974 28 0.620871
976 925 0.504749
985 958 0.344125
988 964 0.653973
990 965 0.617593
993 689 0.697996
995 696 0.620501
996 947 0.373497
997 26 0.500445
1004 987 0.438732
1005 959 0.302345
1006 970 0.293463
1008 979 0.692613
1012 1002 0.565230
1014 974 0.538127
1016 994 0.699390
1018 1003 0.400573
1020 975 0.251671
1030 1027 0.627984
1034 1029 0.448063
1041 1042 0.351151
1044 1047 0.508197
1045 1048 0.499289
1049 533 0.306234
1054 1004 0.446390
1057 1085 0.321912
1061 1086 0.687634
1078 1116 0.682806
1079 1135 0.555933
1080 1113 0.635311
1081 1100 0.412247
1088 1176 0.598821
1092 1081 0.456983
1093 1060 0.644996
1096 1137 0.253310
1099 1142 0.279162
1104 1158 0.242298
1105 1101 0.487514
1109 1170 0.643724
1111 1172 0.658069
1114 1117 0.546472
1115 1102 0.581374
1125 1179 0.515102
1126 1118 0.611471
1132 1159 0.395160
1136 1193 0.648540
1137 1180 0.615689
1142 1217 0.464182
1146 1120 0.614720
1153 1218 0.676968
1158 1146 0.332189
1160 1131 0.682065
1166 1226 0.558951
1180 1197 0.695204
1183 1259 0.514302
1187 1208 0.600364
1189 1185 0.614917
1190 14 0.453389
1204 1240 0.668441
1205 1234 0.510316
1211 1323 0.685028
1218 1277 0.454084
1222 1267 0.379075
1230 1270 0.636793
1239 1403 0.645265
1248 1447 0.580738
1256 1357 0.585625
1262 293 0.582417
1265 1405 0.674749
1266 1370 0.527656
1267 1339 0.672543
1268 1332 0.619449
1274 1422 0.672178
1279 1470 0.645486
1295 1361 0.678067
1299 1424 0.615838
1304 1540 0.642738
1307 1432 0.667409
1311 1389 0.543167
1316 1472 0.646848
1318 1493 0.528732
1324 1426 0.456477
1326 1593 0.494774
1328 1397 0.510537
1332 1495 0.462123
1338 1459 0.571529
1355 1585 0.650560
1367 1525 0.511858
1372 1535 0.690355
1377 1846 0.495335
1379 1616 0.640557
1381 1497 0.404323
1406 1559 0.641347
1412 1673 0.604460
1416 1576 0.656295
1422 1268 0.644432
1427 1519 0.455863
1434 1666 0.519956
1435 1611 0.572079
1438 1532 0.689055
1440 1718 0.529747
1469 1706 0.431870
1471 1621 0.663472
1473 1613 0.543652
1480 1655 0.311755
1482 1595 0.460551
1487 1623 0.591724
1491 1749 0.687482
1504 1862 0.469633
1507 1783 0.485493
1553 1649 0.669986
1555 1946 0.337138
1573 1678 0.436289
1580 104 0.663102
1585 1751 0.584115
1593 1715 0.698575
1608 1830 0.419909
1611 1716 0.565868
1623 1580 0.681999
1631 1754 0.357568
1658 1779 0.589787
1666 1804 0.693710
1668 886 0.683175
1675 1989 0.558729
1686 1859 0.697687
1701 1886 0.484701
1706 2007 0.656305
1721 2020 0.594828
1726 2021 0.674299
1728 2027 0.552748
1734 2033 0.483372
1748 2059 0.605808
1753 2062 0.593495
1760 2054 0.623933
1775 2043 0.612546
1776 2060 0.486243
1782 2084 0.363178
1783 2071 0.610706
1785 2095 0.642796
1787 2077 0.464529
1790 2076 0.468407
1792 2077 0.527550
1807 2077 0.558867
1810 2082 0.564731
