266
0 0 0.307276
1 1 0.070765
2 0 0.662573
4 903 0.685350
14 328 0.611033
37 114 0.595191
38 170 0.646102
50 827 0.678025
64 13 0.688251
73 19 0.487376
75 103 0.557819
87 927 0.672386
88 272 0.697522
99 41 0.692671
101 35 0.453307
107 38 0.380625
108 41 0.368094
111 44 0.279379
115 65 0.344438
118 48 0.484015
121 47 0.677988
126 80 0.467769
136 64 0.365153
138 66 0.539403
139 69 0.639896
143 47 0.692243
152 78 0.638697
162 91 0.392705
164 93 0.485105
166 88 0.526291
168 94 0.623114
176 1045 0.676203
183 83 0.641808
189 106 0.617295
191 105 0.447006
201 113 0.549124
207 119 0.653204
212 120 0.562276
215 121 0.620754
218 125 0.464543
222 124 0.628709
227 129 0.573396
229 131 0.234095
243 143 0.336812
244 172 0.528003
247 166 0.606449
250 171 0.320552
252 161 0.439012
254 180 0.462088
256 195 0.274467
258 187 0.392725
264 190 0.637006
266 198 0.639664
268 217 0.526768
272 140 0.463175
273 251 0.397932
280 243 0.640446
281 256 0.443536
282 291 0.555377
292 248 0.548294
294 290 0.688480
298 263 0.632652
299 264 0.656391
300 268 0.544337
301 269 0.421786
319 267 0.641068
320 278 0.525796
321 328 0.184809
328 308 0.333975
329 338 0.642688
331 295 0.582852
332 307 0.364002
338 306 0.685136
340 317 0.462150
343 325 0.367457
344 326 0.446267
348 353 0.397786
356 351 0.443418
358 321 0.599927
360 364 0.368249
364 844 0.530619
368 391 0.509548
382 360 0.574404
385 382 0.459939
386 396 0.638202
392 406 0.162973
398 380 0.686788
399 404 0.617378
400 405 0.419923
404 387 0.672861
405 403 0.473238
408 395 0.416997
410 433 0.569140
415 412 0.408921
416 439 0.275775
417 394 0.509817
420 438 0.299803
432 410 0.657732
433 432 0.599508
436 490 0.279193
440 475 0.218995
448 480 0.694507
451 479 0.462325
453 473 0.633834
460 514 0.367952
462 519 0.509347
463 528 0.657111
468 527 0.249897
472 506 0.579803
474 548 0.468334
480 536 0.406821
486 535 0.352439
487 1445 0.629058
492 534 0.484380
508 579 0.266125
514 584 0.492885
519 601 0.264036
522 598 0.450226
524 619 0.505256
526 596 0.556723
527 597 0.562647
530 614 0.613787
532 623 0.402095
535 613 0.549831
538 627 0.606145
548 634 0.445241
549 661 0.657421
551 644 0.695314
558 678 0.611616
563 675 0.443123
564 676 0.411823
565 677 0.440745
568 703 0.542448
570 740 0.581344
573 689 0.612076
574 700 0.552933
578 712 0.181051
581 710 0.592192
582 719 0.538654
595 747 0.689493
598 745 0.527122
613 774 0.404357
617 775 0.338829
618 778 0.534507
631 800 0.251346
633 807 0.197399
635 809 0.609895
636 810 0.485106
642 814 0.608665
647 819 0.344920
651 828 0.596388
652 830 0.560264
653 831 0.232902
655 833 0.578550
656 834 0.306793
661 838 0.433957
662 846 0.648338
664 846 0.614491
670 855 0.592229
674 902 0.513952
682 869 0.513300
691 874 0.565787
695 883 0.509099
697 880 0.662905
701 891 0.565242
704 892 0.355574
722 908 0.325123
723 901 0.458851
731 913 0.397800
732 916 0.636414
747 931 0.439665
753 938 0.487812
756 943 0.424901
758 939 0.324755
762 950 0.357472
763 1445 0.665581
772 962 0.507142
778 343 0.674259
780 969 0.616028
781 966 0.329034
782 953 0.612112
790 973 0.546219
792 980 0.506882
793 978 0.662321
795 982 0.436925
801 994 0.505226
802 993 0.436232
804 988 0.191105
806 147 0.662580
814 1035 0.674117
817 995 0.357518
819 1015 0.204238
820 1012 0.391146
823 996 0.676756
827 1018 0.446987
833 1023 0.529490
834 1026 0.690939
836 1037 0.635791
837 1020 0.666485
839 1038 0.654490
848 1059 0.677038
850 1063 0.575737
854 1070 0.666300
855 1064 0.452465
858 1076 0.620908
860 1077 0.677872
864 1047 0.570333
866 1085 0.404845
867 1066 0.372915
868 1053 0.639626
874 1071 0.439943
882 679 0.631801
886 1081 0.684078
887 1073 0.465986
892 462 0.456926
897 1098 0.616434
901 1109 0.275106
902 1103 0.591427
903 1104 0.613926
904 1096 0.423562
905 1099 0.501316
914 1125 0.512094
916 1112 0.411969
934 1131 0.653869
938 844 0.529893
947 1202 0.269918
961 1272 0.667359
969 1312 0.673368
986 921 0.441363
989 120 0.692611
991 1309 0.600438
1005 1274 0.686446
1007 1326 0.440855
1025 1334 0.692785
1026 1466 0.602525
1028 1316 0.551600
1035 1499 0.405933
1073 1581 0.482586
1075 881 0.690736
1115 1582 0.619691
1137 1401 0.613182
1172 1724 0.578343
1174 1723 0.672939
1181 1721 0.565313
1182 1731 0.659932
1185 1730 0.574888
1187 1731 0.588559
1188 1735 0.412775
1189 1735 0.566037
1190 1735 0.471600
1200 1746 0.544991
1201 1752 0.633459
1202 1746 0.692473
1211 1775 0.579297
1213 1775 0.545892
1217 1751 0.670289
1219 1779 0.520091
1220 1780 0.568752
1222 1796 0.370774
1223 1789 0.697991
1224 1778 0.425177
1228 1778 0.676071
1234 1792 0.254716
1237 1786 0.654554
1238 1778 0.598367
1243 1799 0.448223
