158
0 0 0.275513
1 1 0.558954
12 13 0.499283
30 75 0.663361
32 80 0.355813
35 89 0.669447
36 90 0.527795
38 94 0.593220
46 701 0.355711
49 870 0.540882
50 108 0.690472
52 106 0.487112
55 110 0.401027
56 112 0.656351
60 170 0.651411
62 117 0.669744
67 116 0.552183
68 118 0.619774
71 121 0.348493
77 30 0.672919
79 128 0.427561
87 50 0.692613
88 870 0.637556
89 133 0.569129
93 138 0.548034
94 134 0.592222
96 139 0.695051
100 182 0.600093
110 116 0.630122
111 235 0.674757
115 160 0.334156
117 159 0.493002
133 176 0.522855
135 179 0.564806
137 175 0.550657
144 181 0.584988
146 188 0.577433
150 186 0.628072
160 870 0.460893
168 204 0.366907
176 95 0.548479
188 221 0.695730
191 240 0.655874
195 217 0.433697
196 218 0.614445
208 210 0.692096
209 226 0.609966
213 602 0.670852
216 209 0.596027
227 215 0.653532
235 639 0.453502
240 251 0.460112
241 250 0.445694
245 256 0.559428
253 265 0.618222
264 267 0.595316
277 273 0.594969
278 282 0.507571
280 281 0.699179
282 302 0.461558
286 319 0.358124
293 339 0.497429
295 630 0.631943
296 342 0.697186
300 352 0.627959
305 361 0.557278
318 389 0.544026
325 392 0.618069
328 393 0.360637
330 645 0.616371
338 396 0.493858
343 410 0.444813
345 374 0.655430
354 405 0.678446
356 411 0.290612
357 408 0.643118
374 440 0.520001
377 462 0.323873
379 453 0.489796
382 447 0.539405
386 473 0.266296
388 459 0.480685
397 499 0.566677
398 474 0.250032
401 507 0.379249
404 492 0.530662
410 477 0.595135
413 485 0.439841
414 450 0.595335
427 496 0.495530
432 526 0.659685
437 541 0.554081
442 504 0.566331
452 510 0.493237
456 532 0.458539
457 522 0.328465
459 517 0.474423
474 536 0.452139
478 770 0.687131
499 558 0.239787
505 579 0.628324
506 559 0.394015
520 580 0.366526
528 575 0.562018
531 600 0.450298
537 607 0.584727
541 617 0.684546
543 618 0.645072
555 615 0.499139
565 876 0.635637
567 642 0.561304
576 645 0.522170
578 621 0.603206
584 636 0.432513
593 259 0.608743
595 660 0.686796
598 31 0.696943
601 28 0.661981
611 701 0.451483
632 685 0.314264
638 561 0.585762
647 699 0.563637
648 668 0.529935
653 695 0.594810
700 721 0.573552
713 844 0.633203
721 697 0.470503
725 757 0.356818
740 768 0.546941
752 737 0.574207
760 610 0.656507
767 746 0.537823
768 747 0.512104
846 698 0.512791
848 242 0.343586
855 823 0.648601
859 429 0.497715
886 37 0.664148
892 801 0.627171
909 486 0.575309
964 500 0.699895
967 252 0.643686
972 31 0.591227
1069 850 0.681593
1090 886 0.498002
1093 895 0.593554
1108 907 0.610642
1109 908 0.686391
1117 909 0.431502
1140 936 0.474766
1144 931 0.542796
1145 952 0.622790
1151 974 0.629042
1153 968 0.659540
1164 959 0.556831
1169 963 0.664639
1171 962 0.603763
1177 959 0.593226
