376
1 1 0.063458
10 25 0.406831
27 30 0.462432
28 671 0.672942
36 853 0.638674
38 78 0.488227
39 38 0.584197
40 42 0.573463
41 43 0.553439
52 40 0.657073
57 199 0.568878
58 50 0.234400
59 45 0.448096
62 53 0.286837
73 58 0.645875
74 59 0.669443
77 60 0.603577
78 716 0.691826
80 63 0.550469
82 62 0.695680
86 66 0.518914
89 67 0.491097
90 68 0.666174
92 70 0.482484
94 71 0.692542
98 75 0.165757
100 77 0.281269
101 74 0.533715
104 78 0.531996
106 81 0.476187
107 80 0.373836
108 82 0.526191
109 89 0.471554
111 85 0.170907
112 86 0.524960
115 93 0.375957
116 96 0.484129
117 95 0.285507
119 115 0.229719
123 99 0.606657
128 108 0.618203
129 110 0.293504
130 107 0.437723
131 111 0.290177
132 126 0.520489
133 112 0.218321
134 113 0.585117
136 118 0.206406
137 116 0.139278
138 121 0.312489
139 119 0.305282
140 123 0.149732
141 125 0.192264
145 128 0.588393
147 132 0.244015
148 133 0.545595
150 134 0.588571
154 137 0.370577
156 141 0.599112
160 147 0.259302
161 151 0.641968
166 154 0.383704
168 156 0.435936
171 164 0.670363
172 158 0.383654
173 161 0.209684
174 168 0.455280
175 166 0.313195
176 167 0.430655
178 169 0.483649
179 173 0.467396
180 170 0.350540
186 176 0.681425
187 179 0.306246
188 182 0.399815
189 181 0.415598
193 184 0.525882
196 190 0.656527
197 188 0.423962
200 193 0.342699
201 200 0.562804
203 194 0.431960
204 197 0.597218
205 198 0.358443
206 199 0.247024
207 196 0.467896
208 202 0.454444
209 207 0.515371
211 205 0.361882
212 204 0.535935
216 212 0.411538
217 213 0.485908
219 214 0.674201
221 218 0.518222
222 222 0.292883
223 223 0.494215
225 225 0.190648
227 228 0.364059
229 226 0.393169
232 233 0.463887
235 232 0.559435
237 239 0.345323
240 247 0.664297
241 242 0.304573
244 250 0.661600
245 251 0.393706
247 253 0.475588
248 256 0.503887
250 255 0.412860
253 258 0.351707
254 272 0.485977
256 259 0.320502
258 262 0.390214
259 264 0.327751
260 265 0.644184
267 274 0.622215
268 275 0.377752
270 276 0.604235
271 279 0.510433
275 294 0.342168
276 287 0.686353
277 288 0.240617
280 302 0.558954
282 297 0.548785
285 304 0.575245
286 306 0.323830
289 310 0.677952
290 312 0.222684
292 313 0.294074
293 314 0.310791
296 317 0.565953
297 318 0.613166
298 326 0.655921
299 319 0.386970
306 330 0.689082
307 327 0.350672
308 328 0.319016
311 331 0.243433
312 335 0.634327
313 336 0.540203
319 342 0.295886
320 343 0.257999
322 345 0.417822
323 346 0.225701
327 350 0.302738
331 355 0.152539
332 356 0.339430
333 359 0.277789
335 360 0.389466
337 362 0.628371
338 363 0.512321
340 369 0.492742
346 374 0.441365
347 376 0.173999
348 377 0.665077
350 382 0.626483
352 384 0.529010
354 397 0.368070
356 391 0.399612
357 392 0.538744
358 403 0.619831
361 400 0.515953
362 411 0.494255
363 412 0.434739
365 409 0.368825
366 410 0.368833
369 416 0.685314
371 419 0.280884
372 420 0.392576
377 438 0.601706
384 394 0.564557
389 453 0.385164
392 465 0.418504
393 459 0.647374
397 475 0.673917
398 476 0.633540
400 472 0.417998
401 463 0.342007
403 483 0.578339
405 473 0.320699
407 484 0.636495
408 485 0.497822
411 492 0.618543
412 486 0.326385
414 1076 0.515939
417 487 0.486136
418 493 0.522429
419 506 0.635260
420 507 0.571549
424 513 0.689504
425 498 0.463273
426 517 0.276554
427 515 0.604894
428 509 0.687980
433 530 0.664074
435 543 0.655415
438 535 0.577195
449 552 0.329752
450 557 0.431148
452 570 0.345332
454 553 0.419085
459 576 0.655900
460 573 0.519474
461 578 0.409844
464 582 0.439196
466 601 0.322758
467 592 0.310669
468 587 0.452172
469 607 0.679952
471 611 0.332032
473 603 0.673902
474 604 0.567683
476 614 0.339590
478 622 0.635812
479 617 0.512235
480 637 0.464713
483 638 0.275490
488 624 0.436580
490 658 0.512979
493 627 0.586315
495 644 0.324080
496 645 0.502222
498 641 0.627218
503 668 0.487982
504 154 0.693071
505 646 0.659834
507 647 0.556376
508 632 0.332340
510 652 0.698272
514 669 0.490646
517 661 0.164586
520 656 0.377981
522 676 0.317172
523 670 0.437834
525 679 0.456789
526 678 0.437993
532 682 0.297894
533 690 0.300569
534 685 0.546483
535 691 0.581509
536 688 0.647598
537 694 0.232972
540 702 0.336223
541 695 0.582605
544 697 0.642436
546 709 0.552343
547 710 0.326726
548 706 0.562563
549 701 0.424809
551 707 0.272293
552 251 0.687817
553 704 0.240301
559 726 0.383957
560 719 0.495392
561 720 0.465477
562 729 0.598577
563 728 0.339415
565 730 0.357993
566 724 0.615644
570 733 0.237348
571 725 0.638458
573 741 0.384267
575 736 0.518529
577 739 0.604284
579 738 0.204232
585 746 0.506969
586 740 0.296595
589 755 0.528121
590 752 0.323311
591 744 0.352353
592 760 0.541342
597 756 0.485980
604 763 0.508798
607 757 0.628891
608 758 0.234400
610 768 0.331658
613 764 0.572855
618 772 0.496608
620 773 0.233884
625 778 0.686763
627 780 0.588348
629 781 0.375440
630 769 0.638321
631 789 0.516045
632 790 0.388690
635 796 0.469444
639 793 0.557600
643 783 0.414647
644 811 0.401626
645 812 0.295721
647 802 0.435011
650 602 0.656563
652 815 0.692404
653 800 0.306942
654 804 0.291028
656 808 0.677029
658 832 0.498788
661 805 0.482021
662 826 0.175844
665 817 0.542446
672 892 0.478281
673 836 0.451833
674 169 0.692944
676 827 0.265883
678 658 0.410924
686 842 0.679659
690 850 0.674756
691 272 0.551695
695 854 0.587482
697 844 0.412043
707 872 0.469565
708 851 0.694428
711 870 0.562988
712 853 0.478373
717 877 0.620767
718 898 0.606643
719 861 0.616706
723 862 0.357549
724 272 0.334220
753 897 0.415069
754 910 0.598206
755 902 0.605231
759 903 0.359636
760 674 0.684174
762 954 0.496539
766 919 0.656048
767 911 0.492676
769 924 0.596234
779 674 0.470997
788 987 0.592583
792 503 0.655945
802 995 0.268029
816 972 0.628668
818 1029 0.690679
832 991 0.399058
846 1011 0.472626
857 1090 0.605328
863 1114 0.387311
872 1147 0.460970
881 1111 0.418428
886 1057 0.451158
900 1106 0.526694
916 1154 0.658320
928 804 0.671151
963 1178 0.638803
965 1174 0.624439
966 1172 0.618803
970 1185 0.591633
971 1182 0.677345
974 1182 0.535787
978 1192 0.475851
980 1192 0.695876
984 1197 0.630478
986 1212 0.387519
987 1201 0.536149
988 1201 0.514641
995 1204 0.229702
998 1204 0.626150
1002 1203 0.596478
1005 1204 0.651697
1009 1218 0.679500
1012 1201 0.613017
1013 1214 0.626943
1015 1202 0.663051
1023 1222 0.431936
1027 1220 0.668632
1029 1228 0.505501
1033 1240 0.455900
1034 1232 0.505075
1038 1233 0.635106
1039 1235 0.503052
1040 1221 0.643254
1042 1229 0.296205
1043 1234 0.374645
1044 1234 0.503354
1046 1237 0.301961
