310
0 0 0.559086
1 1 0.032683
13 6 0.076860
15 8 0.409702
27 40 0.489827
29 23 0.493036
32 22 0.480082
36 58 0.230690
38 36 0.667107
40 60 0.567995
41 30 0.613860
42 35 0.317699
46 48 0.503283
49 65 0.406308
50 46 0.272639
54 50 0.537332
59 66 0.312358
60 64 0.480763
61 68 0.662920
62 71 0.294653
65 63 0.390980
67 73 0.638945
70 76 0.425482
73 80 0.608796
75 77 0.594524
78 165 0.646327
80 82 0.546939
82 56 0.670861
83 90 0.642338
85 88 0.378268
88 83 0.416444
89 92 0.486601
90 95 0.328656
92 91 0.487518
95 100 0.655641
97 96 0.499004
105 110 0.339179
106 107 0.369909
110 111 0.553628
111 112 0.521131
112 114 0.495157
113 113 0.177228
114 116 0.656269
117 124 0.254070
121 131 0.153367
123 127 0.694133
124 595 0.672566
125 855 0.661893
128 136 0.180992
130 138 0.375573
131 140 0.196353
132 141 0.167941
134 142 0.675892
135 143 0.530134
136 147 0.308216
137 146 0.530527
140 148 0.240621
142 151 0.409409
144 712 0.690731
145 150 0.579886
146 152 0.340509
147 158 0.261688
148 154 0.498161
150 161 0.594486
151 155 0.609870
154 162 0.194140
155 159 0.474859
158 169 0.338824
162 171 0.662676
165 168 0.272304
170 173 0.680700
171 178 0.466595
172 179 0.296885
176 181 0.577397
178 187 0.241345
179 188 0.399315
181 180 0.117930
182 186 0.461416
183 194 0.173974
185 193 0.413999
188 200 0.576579
190 197 0.476836
194 205 0.370249
195 205 0.533713
197 207 0.420385
200 203 0.286341
203 208 0.400508
204 211 0.299115
205 214 0.496047
207 216 0.338738
210 202 0.526712
215 210 0.476211
216 218 0.603948
217 217 0.441946
218 219 0.316717
219 220 0.590809
220 221 0.687328
221 222 0.659444
222 223 0.253902
228 226 0.693902
234 240 0.545755
235 254 0.617160
236 232 0.479309
237 235 0.698540
238 236 0.679171
240 241 0.645495
245 243 0.661353
246 245 0.338095
249 259 0.494607
250 260 0.345314
251 261 0.566682
255 267 0.172699
256 268 0.437866
258 266 0.420388
260 270 0.682561
263 274 0.659721
264 265 0.453136
265 282 0.451026
267 276 0.206638
268 277 0.532264
269 286 0.259467
270 287 0.380946
275 285 0.256853
276 289 0.447529
279 299 0.560743
280 300 0.697447
283 294 0.542320
284 295 0.525726
286 311 0.345162
288 315 0.357848
293 314 0.234019
294 318 0.366354
295 319 0.352393
296 320 0.406615
298 332 0.648286
300 327 0.318578
301 335 0.400118
302 312 0.440842
306 334 0.515460
308 333 0.411596
312 337 0.298768
318 346 0.553813
320 344 0.361112
322 361 0.629420
323 351 0.158413
324 360 0.370613
326 881 0.635055
327 683 0.595996
332 362 0.381254
334 376 0.628142
341 383 0.528583
342 387 0.682657
345 386 0.348775
346 389 0.454109
347 254 0.672354
360 412 0.694210
361 410 0.588478
363 419 0.557039
366 424 0.574084
375 435 0.489029
376 444 0.448223
380 448 0.337895
383 453 0.677941
388 461 0.353891
389 466 0.673086
390 468 0.351162
392 470 0.497952
396 476 0.573815
398 478 0.370305
402 488 0.498621
405 495 0.484694
411 503 0.430114
413 300 0.697193
414 504 0.658091
419 514 0.652996
421 506 0.698083
426 510 0.524825
431 525 0.607577
432 522 0.310082
434 523 0.305263
435 524 0.605033
436 662 0.595508
439 530 0.413737
440 533 0.392527
443 531 0.608151
444 532 0.346085
446 539 0.458338
450 537 0.207124
452 536 0.235837
453 540 0.614127
456 542 0.518855
459 547 0.400594
460 544 0.463489
461 545 0.659759
462 555 0.225184
463 551 0.497624
464 549 0.201571
467 556 0.213436
468 552 0.174700
469 553 0.356574
472 557 0.236161
474 562 0.589591
475 559 0.655066
477 563 0.400756
478 560 0.264295
479 561 0.211479
480 565 0.425815
481 570 0.226179
484 576 0.530552
486 572 0.515411
487 566 0.626436
488 574 0.181302
490 577 0.550276
492 587 0.624535
495 584 0.402958
496 580 0.447677
497 581 0.135723
498 578 0.577044
500 585 0.198977
501 579 0.250194
502 207 0.659894
508 600 0.310240
509 589 0.335507
510 590 0.500264
511 586 0.356653
514 662 0.679664
519 591 0.357454
522 603 0.438394
523 604 0.247135
524 605 0.322880
527 610 0.347889
532 616 0.385250
536 618 0.509003
540 620 0.521365
545 623 0.118592
547 628 0.274031
548 627 0.614692
549 625 0.610084
552 231 0.679934
558 636 0.309688
559 637 0.489897
561 559 0.690902
563 644 0.661162
574 647 0.460682
579 657 0.508700
580 658 0.581531
588 662 0.234310
594 254 0.588476
603 673 0.365845
611 676 0.396745
619 689 0.180923
626 454 0.565566
629 701 0.651603
631 697 0.694998
632 714 0.600292
633 713 0.684224
636 718 0.407610
637 720 0.653547
640 721 0.279582
643 722 0.312873
648 730 0.529850
649 741 0.548562
656 726 0.691374
667 768 0.368743
668 763 0.356096
673 772 0.490944
674 410 0.626769
682 782 0.494440
683 774 0.466129
684 683 0.467382
692 683 0.363598
693 217 0.690370
694 792 0.460500
699 799 0.455485
707 800 0.549133
708 802 0.455268
713 811 0.618034
731 851 0.396109
736 855 0.699118
750 863 0.391116
756 872 0.485271
759 873 0.691835
793 753 0.653667
834 910 0.670860
836 895 0.646712
867 940 0.601867
868 915 0.520785
869 916 0.624570
870 384 0.564465
873 917 0.392700
875 906 0.648623
882 931 0.486350
895 959 0.594928
903 965 0.422392
922 1016 0.670357
931 1004 0.543387
935 998 0.669960
936 999 0.411598
951 1014 0.319465
952 1015 0.649788
957 1042 0.513886
960 1024 0.664405
961 1046 0.680082
963 1027 0.401438
964 1033 0.497578
965 1021 0.511277
966 1031 0.411042
968 1034 0.669886
970 1036 0.514639
974 1033 0.563144
