vanishing points:
(53943.333001,63.925840,1.000000,1000.000000,0.000000,0.000000,1.000000)
(444.769328,472.645444,1.000000,0.000000,1000.000000,0.000000,1.000000)
(204.365835,88178.360668,1.000000,0.000000,0.000000,1000.000000,1.000000)
reference plane homography:
0.326578,-0.280226,0.531487
-0.000278,-0.297890,0.666033
0.000004,-0.000631,0.001720
point for reference height: 20
num of points: 28
(301.500000,684.000000,1.000000,0.000000,0.000000,0.000000,0.000000)
(504.500000,682.000000,1.000000,1.041112,0.002585,2.081297,1.000000)
(369.500000,531.000000,1.000000,0.000000,0.000000,0.000000,0.000000)
(476.500000,529.000000,1.000000,0.000000,0.000000,0.000000,0.000000)
(222.500000,297.000000,1.000000,0.000000,0.000000,0.000000,0.000000)
(490.500000,296.000000,1.000000,0.000000,0.000000,0.000000,0.000000)
(509.500000,684.000000,1.000000,0.000000,0.000000,0.000000,0.000000)
(541.500000,785.000000,1.000000,0.000000,0.000000,0.000000,0.000000)
(516.500000,359.000000,1.000000,0.000000,0.000000,0.000000,0.000000)
(626.500000,184.000000,1.000000,0.000000,0.000000,0.000000,0.000000)
(329.500000,351.000000,1.000000,0.000000,0.000000,0.000000,0.000000)
(188.500000,203.000000,1.000000,0.000000,0.000000,0.000000,0.000000)
(622.500000,599.000000,1.000000,0.000000,0.000000,0.000000,0.000000)
(623.500000,362.000000,1.000000,0.000000,0.000000,0.000000,0.000000)
(508.500000,670.000000,1.000000,0.000000,0.000000,0.000000,0.000000)
(509.500000,443.000000,1.000000,0.000000,0.000000,0.000000,0.000000)
(299.500000,659.000000,1.000000,0.000000,0.000000,0.000000,0.000000)
(299.500000,535.000000,1.000000,0.000000,0.000000,0.000000,0.000000)
(295.500000,386.000000,1.000000,0.000000,0.000000,0.000000,1.000000)
(497.500000,386.000000,1.000000,1.000000,0.000000,0.000000,1.000000)
(299.500000,673.000000,1.000000,0.000000,0.000000,2.000000,1.000000)
(143.500000,283.000000,1.000000,0.000000,1.500000,0.000000,1.000000)
(505.519678,384.739149,1.000000,1.036247,0.043521,0.000000,1.000000)
(295.190220,684.420879,1.000000,0.000000,0.000000,2.081297,1.000000)
(-4.521651,211.848287,1.000000,-0.058622,1.837361,0.000000,1.000000)
(626.196383,210.118889,1.000000,1.032561,1.835841,0.000000,1.000000)
(621.959419,1093.692413,1.000000,1.063331,1.748456,2.081297,1.000000)
(-2.398968,1105.750306,1.000000,0.000765,1.905972,2.081297,1.000000)
num of lines: 12
x: 1 2
x: 3 4
x: 5 6
y: 7 8
y: 9 10
y: 11 12
z: 13 14
z: 15 16
z: 17 18
o: 19 20
o: 19 21
o: 19 22
num of polygons: 6
cor.0
4: 19 23 2 24
1.000000 0.000000 0.000000 
0.000000 1.000000 0.000000 
0.000000 0.000000 1.000000 

cor.1
4: 26 25 28 27
1.000000 0.000000 0.000000 
0.000000 1.000000 0.000000 
0.000000 0.000000 1.000000 

cor.2
4: 25 19 24 28
1.000000 0.000000 0.000000 
0.000000 1.000000 0.000000 
0.000000 0.000000 1.000000 

cor.3
4: 23 26 27 2
1.000000 0.000000 0.000000 
0.000000 1.000000 0.000000 
0.000000 0.000000 1.000000 

cor.4
4: 25 26 23 19
1.000000 0.000000 0.000000 
0.000000 1.000000 0.000000 
0.000000 0.000000 1.000000 

cor.5
4: 24 2 27 28
1.000000 0.000000 0.000000 
0.000000 1.000000 0.000000 
0.000000 0.000000 1.000000 

num of boxes: 1
 1 2 3 4 5 6
0
