vanishing points:
(53943.333001,63.925840,1.000000,1000.000000,0.000000,0.000000,1.000000)
(444.769328,472.645444,1.000000,0.000000,1000.000000,0.000000,1.000000)
(204.365835,88178.360668,1.000000,0.000000,0.000000,1000.000000,1.000000)
reference plane homography:
0.215499,-0.269329,0.543150
-0.000454,-0.286342,0.709940
0.000002,-0.000606,0.001926
point for reference height: 19
num of points: 22
(301.500000,684.000000,1.000000,0.000000,0.000000,0.000000,0.000000)
(504.500000,682.000000,1.000000,0.000000,0.000000,0.000000,0.000000)
(369.500000,531.000000,1.000000,0.000000,0.000000,0.000000,0.000000)
(476.500000,529.000000,1.000000,0.000000,0.000000,0.000000,0.000000)
(222.500000,297.000000,1.000000,0.000000,0.000000,0.000000,0.000000)
(490.500000,296.000000,1.000000,0.000000,0.000000,0.000000,0.000000)
(509.500000,684.000000,1.000000,0.000000,0.000000,0.000000,0.000000)
(541.500000,785.000000,1.000000,0.000000,0.000000,0.000000,0.000000)
(516.500000,359.000000,1.000000,0.000000,0.000000,0.000000,0.000000)
(626.500000,184.000000,1.000000,0.000000,0.000000,0.000000,0.000000)
(329.500000,351.000000,1.000000,0.000000,0.000000,0.000000,0.000000)
(188.500000,203.000000,1.000000,0.000000,0.000000,0.000000,0.000000)
(622.500000,599.000000,1.000000,0.000000,0.000000,0.000000,0.000000)
(623.500000,362.000000,1.000000,0.000000,0.000000,0.000000,0.000000)
(508.500000,670.000000,1.000000,0.000000,0.000000,0.000000,0.000000)
(509.500000,443.000000,1.000000,0.000000,0.000000,0.000000,0.000000)
(299.500000,659.000000,1.000000,0.000000,0.000000,0.000000,0.000000)
(299.500000,535.000000,1.000000,0.000000,0.000000,0.000000,0.000000)
(280.500000,368.000000,1.000000,0.000000,0.000000,0.000000,1.000000)
(280.500000,466.000000,1.000000,0.000000,0.000000,1.000000,1.000000)
(393.500000,368.000000,1.000000,1.000000,0.000000,0.000000,1.000000)
(207.500000,321.000000,1.000000,0.000000,1.000000,0.000000,1.000000)
num of lines: 11
x: 1 2
x: 3 4
x: 5 6
y: 7 8
y: 9 10
y: 11 12
z: 13 14
z: 15 16
z: 17 18
o: 19 21
o: 19 22
num of polygons: 0
num of boxes: 0
0
