vanishing points:
(20598.207035,328.309519,1.000000,1000.000000,0.000000,0.000000,1.000000)
(156.848441,287.695029,1.000000,0.000000,1000.000000,0.000000,1.000000)
(-392.859625,337778.356990,1.000000,0.000000,0.000000,1000.000000,1.000000)
reference plane homography:
0.354673,-0.165653,0.400147
0.006472,-0.315426,0.766226
0.000014,-0.001083,0.003089
point for reference height: -1
num of points: 20
(112.500000,393.500000,1.000000,0.000000,0.000000,0.000000,0.000000)
(210.500000,393.500000,1.000000,0.000000,0.000000,0.000000,0.000000)
(99.500000,425.500000,1.000000,0.000000,0.000000,0.000000,0.000000)
(227.500000,424.500000,1.000000,0.000000,0.000000,0.000000,0.000000)
(78.500000,476.500000,1.000000,0.000000,0.000000,0.000000,0.000000)
(234.500000,475.500000,1.000000,0.000000,0.000000,0.000000,0.000000)
(129.500000,328.500000,1.000000,0.000000,0.000000,0.000000,0.000000)
(99.500000,374.500000,1.000000,0.000000,0.000000,0.000000,0.000000)
(118.500000,221.500000,1.000000,0.000000,0.000000,0.000000,0.000000)
(51.500000,116.500000,1.000000,0.000000,0.000000,0.000000,0.000000)
(258.500000,161.500000,1.000000,0.000000,0.000000,0.000000,0.000000)
(368.500000,25.500000,1.000000,0.000000,0.000000,0.000000,0.000000)
(295.500000,433.500000,1.000000,0.000000,0.000000,0.000000,0.000000)
(374.500000,513.500000,1.000000,0.000000,0.000000,0.000000,0.000000)
(47.500000,145.500000,1.000000,0.000000,0.000000,0.000000,0.000000)
(47.500000,261.500000,1.000000,0.000000,0.000000,0.000000,0.000000)
(278.500000,179.500000,1.000000,0.000000,0.000000,0.000000,0.000000)
(278.500000,298.500000,1.000000,0.000000,0.000000,0.000000,0.000000)
(184.500000,265.500000,1.000000,0.000000,0.000000,0.000000,0.000000)
(183.500000,315.500000,1.000000,0.000000,0.000000,0.000000,0.000000)
num of lines: 10
x: 1 2
x: 3 4
x: 5 6
y: 7 8
y: 9 10
y: 11 12
y: 13 14
z: 15 16
z: 17 18
z: 19 20
num of polygons: 0
num of boxes: 1
 0 0 0 0 0 0
0
