vanishing points:
(-42775.634653,364.433468,1.000000,1000.000000,0.000000,0.000000,1.000000)
(593.177103,331.061174,1.000000,0.000000,1000.000000,0.000000,1.000000)
(843.308009,-196548.700096,1.000000,0.000000,0.000000,1000.000000,1.000000)
reference plane homography:
-0.314467,0.309643,-0.742927
0.003158,0.172874,-0.472644
0.000009,0.000523,-0.001768
point for reference height: 15
num of points: 26
(458.000000,429.500000,1.000000,0.000000,0.000000,0.000000,0.000000)
(733.000000,430.500000,1.000000,0.000000,0.000000,0.000000,0.000000)
(311.000000,528.500000,1.000000,0.000000,0.000000,0.000000,0.000000)
(882.000000,530.500000,1.000000,0.000000,0.000000,0.000000,0.000000)
(413.000000,267.500000,1.000000,0.000000,0.000000,0.000000,1.000000)
(784.000000,266.500000,1.000000,2.000000,0.000000,0.000000,1.000000)
(407.000000,261.500000,1.000000,0.000000,0.000000,0.000000,0.000000)
(171.000000,175.500000,1.000000,0.000000,2.000000,0.000000,1.000000)
(791.000000,261.500000,1.000000,0.000000,0.000000,0.000000,0.000000)
(1020.000000,180.500000,1.000000,0.000000,0.000000,0.000000,0.000000)
(734.000000,413.500000,1.000000,0.000000,0.000000,0.000000,0.000000)
(1019.000000,578.500000,1.000000,0.000000,0.000000,0.000000,0.000000)
(233.000000,216.500000,1.000000,0.000000,0.000000,0.000000,0.000000)
(232.000000,501.500000,1.000000,0.000000,0.000000,0.000000,0.000000)
(409.000000,275.500000,1.000000,0.000000,0.000000,0.000000,0.000000)
(409.000000,418.500000,1.000000,0.000000,0.000000,0.800000,1.000000)
(889.000000,238.500000,1.000000,0.000000,0.000000,0.000000,0.000000)
(889.000000,466.500000,1.000000,0.000000,0.000000,0.000000,0.000000)
(782.000000,423.500000,1.000000,1.992090,-0.008790,0.825065,1.000000)
(782.048813,266.671699,1.000000,1.992090,-0.008790,0.000000,1.000000)
(412.660025,422.999155,1.000000,0.000000,0.000000,0.822503,1.000000)
(190.065443,188.855256,1.000000,-0.042433,1.870665,0.000000,1.000000)
(1020.256726,185.462701,1.000000,1.988353,1.866866,0.000000,1.000000)
(1020.575873,540.295547,1.000000,1.988353,1.866866,0.813731,1.000000)
(188.909618,536.956022,1.000000,-0.042433,1.870665,0.855366,1.000000)
(637.000000,298.500000,1.000000,0.000000,0.000000,0.000000,0.000000)
num of lines: 9
x: 1 2
x: 3 4
x: 5 6
y: 7 8
y: 9 10
y: 11 12
z: 13 14
z: 15 16
z: 17 18
num of polygons: 6
bwall.0
4: 5 20 19 21
-0.577246 0.001056 -0.653447 
0.003582 -0.246267 -0.423238 
0.000009 0.000001 -0.001582 

bwall.1
4: 23 22 25 24
1.000000 0.000000 0.000000 
0.000000 1.000000 0.000000 
0.000000 0.000000 1.000000 

bwall.2
4: 22 5 21 25
0.766818 -0.001635 0.208672 
0.424481 0.381137 0.207343 
0.001264 -0.000002 0.001098 

bwall.3
4: 20 23 24 19
-0.364442 -0.000726 0.845608 
-0.200878 0.169210 0.288345 
-0.000610 -0.000001 0.001081 

bwall.4
4: 22 23 20 5
0.693101 0.594042 0.161337 
-0.005457 0.339066 0.160310 
-0.000014 0.001017 0.000849 

bwall.5
4: 21 19 24 25
0.477104 -0.405856 0.514321 
-0.002477 -0.228416 0.539393 
-0.000007 -0.000697 0.001275 

num of boxes: 1
 1 2 3 4 5 6
1
0.953402,3.366007,0.342239
1.000000,0.000000,0.000000,0.000000,0.000000,1.000000,0.000000,0.000000,0.000000,0.000000,1.000000,0.000000,0.000000,0.000000,0.000000,1.000000
1.000000,0.000000,0.000000,1.000000,0.000000,0.000000,1.000000,0.000000,0.000000
1.000000,0.000000,0.000000,0.000000,0.000000,1.000000,0.000000,0.000000,0.000000,0.000000,1.000000,0.000000,0.000000,0.000000,0.000000,1.000000
