vanishing points:
(15797.553068,-28.316231,1.000000,1000.000000,0.000000,0.000000,1.000000)
(431.723661,409.665814,1.000000,0.000000,1000.000000,0.000000,1.000000)
(1025.138624,13084.626095,1.000000,0.000000,0.000000,1000.000000,1.000000)
reference plane homography:
0.579635,-0.263724,0.595704
-0.001461,-0.250105,0.420772
0.000034,-0.000612,0.002389
point for reference height: 18
num of points: 19
(874.000000,38.000000,1.000000,0.000000,0.000000,0.000000,0.000000)
(882.000000,717.000000,1.000000,0.000000,0.000000,0.000000,0.000000)
(714.000000,170.000000,1.000000,2.000000,0.000000,0.000000,1.000000)
(724.000000,605.000000,1.000000,0.000000,0.000000,0.000000,0.000000)
(586.000000,100.000000,1.000000,0.000000,0.000000,0.000000,0.000000)
(591.000000,219.000000,1.000000,0.000000,0.000000,0.000000,0.000000)
(715.000000,170.000000,1.000000,0.000000,0.000000,0.000000,0.000000)
(874.000000,36.000000,1.000000,0.000000,0.000000,0.000000,0.000000)
(136.000000,31.000000,1.000000,0.000000,1.500000,0.000000,1.000000)
(250.000000,175.000000,1.000000,0.000000,0.000000,0.000000,1.000000)
(724.000000,631.000000,1.000000,0.000000,0.000000,0.000000,0.000000)
(841.000000,717.000000,1.000000,0.000000,0.000000,0.000000,0.000000)
(250.000000,176.000000,1.000000,0.000000,0.000000,0.000000,0.000000)
(706.000000,170.000000,1.000000,0.000000,0.000000,0.000000,0.000000)
(303.000000,51.000000,1.000000,0.000000,0.000000,0.000000,0.000000)
(721.000000,49.000000,1.000000,0.000000,0.000000,0.000000,0.000000)
(877.000000,37.000000,1.000000,0.000000,0.000000,0.000000,0.000000)
(994.000000,36.000000,1.000000,0.000000,0.000000,0.000000,0.000000)
(254.000000,607.000000,1.000000,0.000000,0.000000,2.000000,1.000000)
num of lines: 9
z: 1 2
z: 3 4
z: 5 6
y: 7 8
y: 9 10
y: 11 12
x: 13 14
x: 15 16
x: 17 18
num of polygons: 0
num of boxes: 0
0
