vanishing points:
(-24912.297221,440.410751,1.000000,1000.000000,0.000000,0.000000,1.000000)
(494.925840,335.318635,1.000000,0.000000,1000.000000,0.000000,1.000000)
(302.424724,-24029.931417,1.000000,0.000000,0.000000,1000.000000,1.000000)
reference plane homography:
0.599336,-0.359568,0.553450
-0.010987,-0.243619,0.381741
-0.000026,-0.000727,0.001750
point for reference height: 2
num of points: 19
(330.500000,218.000000,1.000000,0.000000,0.000000,0.000000,1.000000)
(668.500000,215.000000,1.000000,1.000000,0.000000,0.000000,1.000000)
(329.500000,441.000000,1.000000,0.000000,0.000000,0.700000,1.000000)
(671.500000,441.000000,1.000000,0.000000,0.000000,0.000000,0.000000)
(343.500000,278.000000,1.000000,0.000000,0.000000,0.000000,0.000000)
(659.500000,276.000000,1.000000,0.000000,0.000000,0.000000,0.000000)
(676.500000,214.000000,1.000000,0.000000,0.000000,0.000000,0.000000)
(926.500000,47.000000,1.000000,0.000000,0.000000,0.000000,0.000000)
(329.500000,224.000000,1.000000,0.000000,0.000000,0.000000,0.000000)
(189.500000,135.000000,1.000000,0.000000,1.000000,0.000000,1.000000)
(674.500000,451.000000,1.000000,0.000000,0.000000,0.000000,0.000000)
(925.500000,610.000000,1.000000,0.000000,0.000000,0.000000,0.000000)
(821.500000,118.000000,1.000000,0.000000,0.000000,0.000000,0.000000)
(830.500000,548.000000,1.000000,0.000000,0.000000,0.000000,0.000000)
(328.500000,227.000000,1.000000,0.000000,0.000000,0.000000,0.000000)
(328.500000,438.000000,1.000000,0.000000,0.000000,0.000000,0.000000)
(668.500000,220.000000,1.000000,0.000000,0.000000,0.000000,0.000000)
(672.500000,439.000000,1.000000,0.000000,0.000000,0.000000,0.000000)
(384.500000,140.000000,1.000000,0.000000,0.000000,0.000000,0.000000)
num of lines: 9
x: 1 2
x: 3 4
x: 5 6
y: 7 8
y: 9 10
y: 11 12
z: 13 14
z: 15 16
z: 17 18
num of polygons: 0
num of boxes: 2
 0 0 0 0 0 0
 0 0 0 0 0 0
0
