vanishing points:
(-56497.388228,724.674967,1.000000,1000.000000,0.000000,0.000000,1.000000)
(495.148657,333.707830,1.000000,0.000000,1000.000000,0.000000,1.000000)
(316.349360,-43276.878241,1.000000,0.000000,0.000000,1000.000000,1.000000)
reference plane homography:
0.510270,-0.405190,0.587007
-0.006948,-0.273079,0.395276
-0.000011,-0.000819,0.001804
point for reference height: 0
num of points: 24
(328.500000,441.000000,1.000000,0.000000,0.000000,1.000000,1.000000)
(669.500000,439.000000,1.000000,1.193765,0.000000,0.998900,1.000000)
(331.500000,218.000000,1.000000,0.000000,0.000000,0.000000,1.000000)
(669.500000,216.000000,1.000000,1.200000,0.000000,0.000000,1.000000)
(184.500000,124.000000,1.000000,0.000000,1.000000,0.000000,1.000000)
(808.500000,117.000000,1.000000,0.000000,0.000000,0.000000,0.000000)
(329.500000,223.000000,1.000000,0.000000,0.000000,0.000000,0.000000)
(75.500000,58.000000,1.000000,0.000000,0.000000,0.000000,0.000000)
(677.500000,215.000000,1.000000,0.000000,0.000000,0.000000,0.000000)
(926.500000,53.000000,1.000000,0.000000,0.000000,0.000000,0.000000)
(670.500000,448.000000,1.000000,0.000000,0.000000,0.000000,0.000000)
(927.500000,611.000000,1.000000,0.000000,0.000000,0.000000,0.000000)
(330.500000,223.000000,1.000000,0.000000,0.000000,0.000000,0.000000)
(330.500000,447.000000,1.000000,0.000000,0.000000,0.000000,0.000000)
(669.500000,219.000000,1.000000,0.000000,0.000000,0.000000,0.000000)
(671.500000,436.000000,1.000000,0.000000,0.000000,0.000000,0.000000)
(824.500000,122.000000,1.000000,0.000000,0.000000,0.000000,0.000000)
(829.500000,556.000000,1.000000,0.000000,0.000000,0.000000,0.000000)
(667.690478,215.002593,1.000000,1.188547,0.018964,0.000000,1.000000)
(331.577569,440.688669,1.000000,0.000000,0.000000,0.998900,1.000000)
(99.395072,53.890143,1.000000,0.026607,1.301037,0.000000,1.000000)
(915.939339,44.212464,1.000000,1.187025,1.299527,0.000000,1.000000)
(923.526706,592.408758,1.000000,1.183027,1.305502,0.998900,1.000000)
(96.689208,594.313337,1.000000,-0.000000,1.259169,0.998900,1.000000)
num of lines: 9
x: 1 2
x: 3 4
x: 5 6
y: 7 8
y: 9 10
y: 11 12
z: 13 14
z: 15 16
z: 17 18
num of polygons: 6
bella.0
4: 3 19 2 20
-0.591753 0.000440 -0.587537 
0.007447 -0.394061 -0.386375 
0.000010 0.000002 -0.001772 

bella.1
4: 22 21 24 23
1.000000 0.000000 0.000000 
0.000000 1.000000 0.000000 
0.000000 0.000000 1.000000 

bella.2
4: 21 3 20 24
0.709608 -0.030205 0.100433 
0.478244 0.503758 0.054453 
0.001433 -0.000092 0.001010 

bella.3
4: 19 22 23 2
-0.361182 0.008526 0.815061 
-0.243431 0.275742 0.264304 
-0.000729 0.000007 0.001223 

bella.4
4: 21 22 19 3
0.672638 0.614368 0.068568 
-0.009351 0.404093 0.045017 
-0.000025 0.001228 0.000832 

bella.5
4: 20 2 23 24
0.476234 -0.402286 0.440252 
0.015827 -0.273717 0.585125 
0.000041 -0.000816 0.001328 

num of boxes: 2
 0 0 0 0 0 0
 1 2 3 4 5 6
0
