vanishing points:
(-24912.297221,440.410751,1.000000,1000.000000,0.000000,0.000000,1.000000)
(494.925840,335.318635,1.000000,0.000000,1000.000000,0.000000,1.000000)
(302.424724,-24029.931417,1.000000,0.000000,0.000000,1000.000000,1.000000)
reference plane homography:
0.599336,-0.359568,0.553450
-0.010987,-0.243619,0.381741
-0.000026,-0.000727,0.001750
point for reference height: 2
num of points: 43
(330.500000,218.000000,1.000000,0.000000,0.000000,0.000000,1.000000)
(668.500000,215.000000,1.000000,1.000000,0.000000,0.000000,1.000000)
(329.500000,441.000000,1.000000,0.000000,0.000000,0.700000,1.000000)
(671.500000,441.000000,1.000000,0.000000,0.000000,0.000000,0.000000)
(343.500000,278.000000,1.000000,0.000000,0.000000,0.000000,0.000000)
(659.500000,276.000000,1.000000,0.000000,0.000000,0.000000,0.000000)
(676.500000,214.000000,1.000000,0.000000,0.000000,0.000000,0.000000)
(926.500000,47.000000,1.000000,0.000000,0.000000,0.000000,0.000000)
(329.500000,224.000000,1.000000,0.000000,0.000000,0.000000,0.000000)
(189.500000,135.000000,1.000000,0.000000,1.000000,0.000000,1.000000)
(674.500000,451.000000,1.000000,1.006747,-0.000000,0.730794,1.000000)
(925.500000,610.000000,1.000000,0.000000,0.000000,0.000000,0.000000)
(821.500000,118.000000,1.000000,0.000000,0.000000,0.000000,0.000000)
(830.500000,548.000000,1.000000,0.000000,0.000000,0.000000,0.000000)
(328.500000,227.000000,1.000000,0.000000,0.000000,0.000000,0.000000)
(328.500000,438.000000,1.000000,0.000000,0.000000,0.000000,0.000000)
(668.500000,220.000000,1.000000,0.000000,0.000000,0.000000,0.000000)
(672.500000,439.000000,1.000000,0.000000,0.000000,0.000000,0.000000)
(384.500000,140.000000,1.000000,0.000000,0.000000,0.000000,0.000000)
(670.913146,215.000667,1.000000,1.006839,-0.000439,0.000000,1.000000)
(330.769613,450.857745,1.000000,0.000000,0.000000,0.730794,1.000000)
(77.743287,37.656859,1.000000,0.041002,1.458681,0.000000,1.000000)
(950.894515,23.584650,1.000000,1.005372,1.457274,0.000000,1.000000)
(967.506109,639.754031,1.000000,0.986805,1.491564,0.730794,1.000000)
(72.186828,632.857693,1.000000,-0.000000,1.377868,0.730794,1.000000)
(87.500000,527.500000,1.000000,0.004226,1.350799,0.614288,1.000000)
(115.500000,527.500000,1.000000,0.039211,1.350699,0.614288,1.000000)
(140.500000,541.500000,1.000000,0.070205,1.350192,0.625592,1.000000)
(140.500000,580.500000,1.000000,0.070205,1.350192,0.671575,1.000000)
(122.500000,590.500000,1.000000,0.048167,1.349883,0.692374,1.000000)
(89.500000,590.500000,1.000000,0.004226,1.350799,0.692374,1.000000)
(73.500000,532.500000,1.000000,-0.000000,1.377868,0.614288,1.000000)
(242.500000,483.500000,1.000000,0.074196,0.944451,0.625592,1.000000)
(224.500000,471.500000,1.000000,0.036494,0.924387,0.614288,1.000000)
(243.500000,509.500000,1.000000,0.074196,0.944451,0.664054,1.000000)
(206.500000,471.500000,1.000000,0.004720,0.924129,0.614288,1.000000)
(411.500000,607.500000,1.000000,0.396435,1.275571,0.730794,1.000000)
(410.500000,577.500000,1.000000,0.396435,1.275571,0.784249,1.000000)
(540.500000,583.500000,1.000000,0.561078,1.299405,0.744642,1.000000)
(539.500000,614.500000,1.000000,0.561078,1.299405,0.730794,1.000000)
(411.500000,577.500000,1.000000,0.000000,0.000000,0.000000,0.000000)
(437.500000,519.500000,1.000000,0.407782,0.941177,0.784249,1.000000)
(536.500000,522.500000,1.000000,0.574879,0.952965,0.784249,1.000000)
num of lines: 9
x: 1 2
x: 3 4
x: 5 6
y: 7 8
y: 9 10
y: 11 12
z: 13 14
z: 15 16
z: 17 18
num of polygons: 12
room_back.0
4: 1 20 11 21
1.000000 0.000000 0.000000 
0.000000 1.000000 0.000000 
0.000000 0.000000 1.000000 

room_back.1
4: 23 22 25 24
1.000000 0.000000 0.000000 
0.000000 1.000000 0.000000 
0.000000 0.000000 1.000000 

room_back.2
4: 22 1 21 25
1.000000 0.000000 0.000000 
0.000000 1.000000 0.000000 
0.000000 0.000000 1.000000 

room_back.3
4: 20 23 24 11
1.000000 0.000000 0.000000 
0.000000 1.000000 0.000000 
0.000000 0.000000 1.000000 

room_back.4
4: 22 23 20 1
1.000000 0.000000 0.000000 
0.000000 1.000000 0.000000 
0.000000 0.000000 1.000000 

room_back.5
4: 21 11 24 25
1.000000 0.000000 0.000000 
0.000000 1.000000 0.000000 
0.000000 0.000000 1.000000 

ac_left
6: 26 27 28 29 30 31
1000.000000 0.000000 0.000000 
0.000000 667.000000 0.000000 
0.000000 0.000000 1.000000 

ac_front_bot
4: 28 33 34 27
1.000000 0.000000 0.000000 
0.000000 1.000000 0.000000 
0.000000 0.000000 1.000000 

ac_front
4: 33 35 29 28
1.000000 0.000000 0.000000 
0.000000 1.000000 0.000000 
0.000000 0.000000 1.000000 

ac_bottom
4: 34 36 26 27
1.000000 0.000000 0.000000 
0.000000 1.000000 0.000000 
0.000000 0.000000 1.000000 

light_front
4: 37 38 39 40
1.000000 0.000000 0.000000 
0.000000 1.000000 0.000000 
0.000000 0.000000 1.000000 

light_bottom
4: 38 42 43 39
1.000000 0.000000 0.000000 
0.000000 1.000000 0.000000 
0.000000 0.000000 1.000000 

num of boxes: 36
 0 0 0 0 0 0
 0 0 0 0 0 0
 0 0 0 0 0 0
 0 0 0 0 0 0
 0 0 0 0 0 0
 0 0 0 0 0 0
 0 0 0 0 0 0
 0 0 0 0 0 0
 0 0 0 0 0 0
 0 0 0 0 0 0
 0 0 0 0 0 0
 0 0 0 0 0 0
 0 0 0 0 0 0
 0 0 0 0 0 0
 0 0 0 0 0 0
 0 0 0 0 0 0
 0 0 0 0 0 0
 0 0 9 0 1 0
 0 0 0 0 0 0
 0 0 0 0 0 0
 0 0 0 0 0 9
 0 0 0 0 0 0
 0 0 0 0 0 0
 0 0 0 0 0 0
 0 0 0 0 0 0
 0 0 0 0 0 0
 0 0 0 0 0 0
 0 0 0 0 0 0
 0 0 0 0 0 0
 9 0 0 0 0 0
 0 0 0 0 0 0
 0 0 0 0 0 0
 0 0 0 0 0 0
 0 0 0 0 0 0
 0 0 0 0 0 0
 1 2 3 4 5 6
0
