826
18 4094 0.758501
25 2145 0.698293
43 3656 0.746598
55 868 0.780204
65 166 0.755726
86 56 0.554556
119 156 0.475396
121 227 0.798029
129 1721 0.713564
131 2086 0.595822
142 225 0.769137
148 814 0.692774
150 1782 0.702178
153 132 0.678311
157 2777 0.644677
174 242 0.537897
177 1932 0.719180
197 398 0.647121
206 305 0.513131
216 2413 0.747580
239 350 0.617386
240 765 0.785399
243 274 0.639810
247 4504 0.672051
252 298 0.690373
259 325 0.461539
261 369 0.590744
286 387 0.363905
297 2085 0.760422
312 367 0.335985
320 447 0.382077
344 332 0.554496
348 396 0.636892
351 454 0.670778
359 427 0.287454
361 446 0.722331
375 1557 0.784453
385 24 0.744946
412 443 0.450346
429 490 0.453855
462 18 0.753099
470 570 0.786378
473 3240 0.790010
479 554 0.485378
486 478 0.645063
501 545 0.542246
508 488 0.699362
515 1922 0.776983
525 569 0.690156
526 615 0.746817
527 639 0.738293
528 4525 0.375805
532 594 0.653301
533 641 0.706991
562 553 0.537602
577 648 0.467852
582 599 0.670635
592 637 0.734592
596 2055 0.689690
598 676 0.321799
607 613 0.433138
609 721 0.727151
616 362 0.730897
617 688 0.606249
640 700 0.586999
644 953 0.798988
648 634 0.530857
651 674 0.777071
652 699 0.341781
673 664 0.791883
710 796 0.730335
713 1886 0.691231
717 162 0.736610
718 708 0.780562
727 1874 0.778364
729 695 0.360428
732 828 0.605883
733 797 0.797962
743 760 0.642522
749 750 0.775219
754 817 0.657974
764 527 0.767636
767 743 0.434681
785 758 0.418612
791 834 0.473978
805 816 0.337038
806 861 0.704023
807 881 0.624451
823 814 0.778063
831 801 0.623083
844 3131 0.791404
851 1622 0.729679
852 831 0.449636
859 869 0.335212
870 918 0.286157
871 927 0.667495
874 1269 0.785982
891 868 0.464066
893 885 0.377543
907 867 0.567241
908 896 0.629693
918 915 0.429505
919 4445 0.698684
926 934 0.610331
928 1005 0.750751
933 938 0.360147
935 1019 0.754663
941 933 0.634915
952 104 0.765935
953 979 0.645380
954 1934 0.755989
961 1004 0.712293
966 2551 0.788492
967 194 0.655351
973 969 0.352945
985 1483 0.774258
987 670 0.768442
993 934 0.723648
994 990 0.677882
995 991 0.544468
1001 1010 0.563986
1003 1067 0.655380
1008 1009 0.466743
1018 371 0.734406
1019 1112 0.635557
1027 1018 0.273269
1040 1083 0.799481
1047 1041 0.644663
1066 3769 0.797675
1070 1156 0.660623
1099 1177 0.548725
1106 2430 0.778059
1110 1142 0.708412
1118 1134 0.436103
1125 3744 0.795221
1127 1120 0.677984
1128 1132 0.323739
1149 2781 0.793233
1154 4320 0.789959
1163 1181 0.347199
1164 1198 0.654606
1166 1224 0.441352
1169 1563 0.723511
1177 1167 0.754482
1181 1268 0.671061
1182 3656 0.683444
1191 1197 0.508912
1192 1267 0.611673
1209 1265 0.421309
1227 1298 0.771536
1255 20 0.599086
1256 1332 0.410135
1267 1304 0.765435
1268 1320 0.483667
1275 1287 0.518910
1276 2733 0.499446
1285 1286 0.621490
1286 1318 0.523263
1287 1319 0.755235
1288 2704 0.728981
1297 1877 0.719640
1299 1340 0.680326
1311 1315 0.618181
1314 1374 0.431643
1323 1346 0.785797
1334 1387 0.741992
1342 1337 0.614763
1348 1855 0.713934
1350 1386 0.530082
1359 1407 0.748679
1369 1398 0.481718
1384 1397 0.634848
1385 1406 0.532548
1393 1430 0.549247
1400 1451 0.541612
1409 1415 0.501974
1410 1416 0.509679
1411 1458 0.331846
1422 1414 0.728628
1425 1468 0.715999
1438 1475 0.580588
1447 1450 0.412689
1456 1449 0.579848
1464 1474 0.560795
1471 1473 0.787526
1488 1465 0.758626
1496 1499 0.330483
1497 1523 0.605006
1499 1535 0.467202
1500 1541 0.429723
1519 1534 0.714342
1528 1540 0.702637
1530 1571 0.735824
1537 1550 0.711255
1539 1588 0.600614
1540 1599 0.646713
1546 1598 0.396976
1555 1567 0.425281
1569 1548 0.650295
1571 1612 0.700397
1572 1632 0.729754
1575 1621 0.407628
1578 1651 0.799444
1580 4092 0.725136
1583 1584 0.678049
1589 1998 0.709083
1596 1611 0.659001
1597 1618 0.497593
1598 1619 0.567092
1601 1650 0.745639
1609 1615 0.260016
1610 1616 0.656610
1613 1668 0.336402
1618 1600 0.430219
1628 1685 0.398788
1637 1628 0.753965
1638 1646 0.464427
1639 1647 0.586684
1646 1676 0.604976
1654 1665 0.430074
1663 1682 0.383602
1664 1683 0.456436
1666 4523 0.740497
1671 284 0.714287
1674 1700 0.577848
1678 1712 0.669846
1686 1675 0.710805
1688 1698 0.156981
1691 1731 0.389991
1692 1740 0.698525
1701 1705 0.353413
1702 1710 0.523263
1714 1717 0.430219
1716 1764 0.745168
1724 1716 0.621987
1725 1728 0.757063
1726 1739 0.671406
1727 1729 0.787857
1728 1746 0.787439
1737 1738 0.345385
1738 1774 0.433258
1758 1763 0.278959
1765 2468 0.783782
1767 1772 0.452055
1780 1762 0.770397
1793 1826 0.536022
1798 1800 0.600188
1800 1810 0.419915
1802 1745 0.781127
1811 1825 0.364520
1817 1798 0.487396
1818 1808 0.606126
1820 1839 0.654089
1821 1846 0.568943
1837 1476 0.798724
1841 1851 0.793505
1852 1849 0.313589
1857 1836 0.501538
1860 1879 0.367843
1861 1883 0.368137
1862 1884 0.623975
1866 2397 0.768232
1867 1887 0.559554
1868 1888 0.614187
1871 3574 0.737454
1872 1875 0.524121
1873 1476 0.705257
1884 1880 0.746149
1889 37 0.739088
1894 1908 0.365653
1903 1928 0.465027
1909 1893 0.464544
1911 1904 0.329089
1912 1906 0.350686
1914 1927 0.396708
1917 2328 0.677599
1924 1917 0.612511
1928 1784 0.776198
1930 1902 0.747030
1936 3742 0.707606
1938 1948 0.358675
1944 1965 0.395214
1953 2059 0.739099
1959 2892 0.761739
1982 1176 0.790871
1983 1987 0.730214
1990 4242 0.780356
1993 2008 0.392453
1994 2009 0.496982
1995 2010 0.614693
2000 1997 0.360803
2004 2004 0.561357
2005 2014 0.375372
2007 2254 0.796049
2012 2402 0.772428
2013 2032 0.387897
2027 2021 0.775534
2030 2217 0.639714
2032 2042 0.364446
2041 2029 0.469210
2043 2050 0.551775
2050 2027 0.371560
2051 2039 0.483305
2055 2066 0.630616
2060 2065 0.411678
2069 2055 0.500163
2073 126 0.672049
2075 2328 0.672870
2076 2046 0.549089
2077 2063 0.647107
2089 2062 0.529795
2090 2071 0.676998
2098 2075 0.573894
2101 74 0.698443
2108 125 0.733239
2117 2101 0.502772
2121 2099 0.635528
2123 2108 0.682008
2125 2114 0.540355
2126 2115 0.682846
2131 2107 0.393030
2144 2123 0.607512
2145 2124 0.686224
2148 2146 0.602149
2149 4078 0.789580
2157 2136 0.723029
2161 2132 0.362701
2164 2906 0.741749
2171 2143 0.487843
2172 2153 0.463527
2180 2168 0.485954
2187 2174 0.744704
2193 3372 0.761063
2196 738 0.776921
2209 2184 0.694992
2210 2192 0.383238
2211 2193 0.532231
2219 2182 0.378605
2222 923 0.741861
2231 2216 0.447658
2234 2225 0.443571
2240 2224 0.589210
2253 2215 0.778606
2264 2222 0.504384
2265 2186 0.614993
2276 2247 0.562425
2283 2271 0.563701
2300 2267 0.615829
2301 1221 0.747092
2302 2280 0.666296
2305 2921 0.739052
2309 2289 0.667648
2312 1007 0.799688
2314 2288 0.512772
2321 2293 0.503182
2324 1149 0.728964
2329 2301 0.405932
2337 2309 0.222922
2343 2535 0.735303
2356 2330 0.348315
2358 2328 0.533513
2359 2329 0.343144
2361 2337 0.482265
2363 2335 0.496132
2369 2341 0.686630
2370 2341 0.761055
2377 2347 0.761609
2381 4488 0.781620
2383 2307 0.746892
2387 2340 0.417753
2388 2346 0.294909
2389 2348 0.788408
2390 2356 0.671809
2391 2349 0.770367
2399 2311 0.786250
2408 2368 0.316756
2410 2366 0.200283
2411 2367 0.688321
2412 2371 0.617552
2413 2372 0.514905
2414 2145 0.673637
2422 4561 0.667693
2426 3195 0.785154
2427 4285 0.446552
2429 2458 0.622035
2433 2381 0.513146
2436 2388 0.679502
2441 2390 0.463413
2442 2391 0.515420
2479 2417 0.787159
2481 2498 0.769835
2485 2435 0.622413
2486 2692 0.772283
2489 1998 0.759267
2495 2439 0.335244
2496 2440 0.423622
2508 2086 0.748038
2531 2463 0.550726
2532 2464 0.662899
2545 2023 0.758843
2554 2619 0.633530
2561 2481 0.699055
2565 2494 0.680802
2566 2407 0.733636
2588 2501 0.691452
2595 2535 0.794482
2601 2521 0.589772
2603 2523 0.559504
2614 2535 0.438101
2615 2536 0.779622
2632 4400 0.746051
2633 2554 0.707787
2642 2557 0.675884
2645 867 0.647054
2649 2522 0.762713
2664 751 0.799887
2680 2601 0.164667
2682 2607 0.116027
2687 2617 0.584651
2697 4134 0.765542
2703 2646 0.399816
2720 4189 0.700388
2721 4525 0.245045
2729 2694 0.750106
2730 2695 0.564606
2731 3780 0.769128
2733 2781 0.610821
2734 2575 0.614288
2736 821 0.796401
2738 2742 0.562345
2740 3439 0.781354
2741 2743 0.482921
2743 2748 0.717566
2745 2757 0.400563
2749 2768 0.236374
2750 2772 0.678991
2752 2773 0.603146
2754 2799 0.780642
2756 2800 0.649665
2757 2802 0.560911
2758 2809 0.522773
2759 2817 0.404403
2761 3562 0.660453
2766 2546 0.645696
2767 2834 0.691483
2768 2824 0.763988
2770 2842 0.799888
2773 2825 0.712394
2777 2856 0.772868
2778 2858 0.560081
2782 2881 0.767384
2783 2874 0.751135
2784 2875 0.759385
2788 3656 0.648480
2792 2882 0.492731
2796 1238 0.774021
2804 3523 0.756347
2805 2934 0.386834
2806 2935 0.526294
2811 2937 0.605839
2812 2929 0.724104
2814 2999 0.488191
2816 2954 0.524093
2817 2945 0.731980
2820 2955 0.394988
2823 2971 0.693104
2825 2980 0.520716
2828 2957 0.453470
2830 2958 0.501754
2832 2987 0.542574
2836 2966 0.556290
2838 3015 0.782532
2839 3006 0.419095
2841 3000 0.651074
2845 3007 0.360240
2849 2906 0.761013
2851 3017 0.199104
2854 3029 0.388679
2859 3048 0.525535
2862 3024 0.340672
2863 3018 0.500976
2865 3065 0.395412
2867 3031 0.720847
2869 3067 0.620604
2871 3038 0.622751
2872 3059 0.472288
2877 3102 0.453298
2878 3068 0.363157
2879 3050 0.642521
2880 2816 0.455423
2882 3109 0.566703
2884 3095 0.677282
2885 3070 0.636617
2887 3052 0.629889
2888 3562 0.546058
2897 3118 0.528785
2901 3097 0.486282
2905 3120 0.431231
2906 3121 0.573653
2907 2908 0.736189
2912 3135 0.398701
2914 3111 0.412202
2915 4316 0.594983
2919 3164 0.368398
2920 3152 0.665685
2926 3165 0.505066
2927 3153 0.639495
2931 3166 0.737334
2933 3143 0.434642
2935 3184 0.769571
2942 3196 0.488360
2945 1005 0.774407
2947 3204 0.777267
2952 3224 0.559298
2953 3214 0.731728
2954 3210 0.716594
2955 3197 0.297008
2956 3187 0.511037
2964 3211 0.552648
2965 3205 0.617330
2970 3215 0.517010
2973 3199 0.731229
2974 3263 0.407041
2976 3239 0.382393
2978 3276 0.291104
2981 3292 0.482795
2982 3277 0.766905
2983 3272 0.596413
2984 3240 0.538539
2987 3264 0.441589
2988 3265 0.250445
2990 3252 0.572642
2991 3253 0.714593
2992 3241 0.556954
3000 3307 0.444974
3004 3254 0.640408
3005 4525 0.696886
3008 1610 0.749791
3009 3333 0.635568
3013 3296 0.381696
3016 2781 0.613025
3018 3316 0.540362
3019 3308 0.453039
3027 3335 0.669788
3030 3355 0.502173
3034 3329 0.769501
3035 3562 0.745560
3037 3375 0.485958
3038 3369 0.512576
3042 3363 0.585696
3043 3364 0.440236
3047 3395 0.515005
3048 3388 0.390379
3049 3376 0.722053
3051 3343 0.638722
3055 3401 0.609296
3057 3356 0.403959
3058 3344 0.607957
3059 3229 0.778330
3063 1033 0.743761
3065 1532 0.792942
3072 3418 0.644975
3073 3419 0.397629
3074 3410 0.412500
3078 3411 0.692880
3079 3402 0.566793
3083 3403 0.740417
3084 3391 0.556246
3085 3377 0.770844
3086 3084 0.424694
3087 3441 0.519404
3088 3420 0.681994
3089 3412 0.785990
3091 3392 0.677935
3092 3379 0.495098
3093 3380 0.598642
3097 3465 0.301634
3098 3442 0.709052
3100 3452 0.698540
3101 3443 0.506467
3104 3404 0.465791
3109 3426 0.666520
3110 3422 0.322886
3114 3466 0.575124
3117 1368 0.735169
3118 3486 0.293470
3119 3453 0.592539
3120 3454 0.580226
3122 3431 0.545247
3126 3477 0.586141
3129 3456 0.270653
3130 3512 0.443524
3132 3468 0.403199
3133 3458 0.311339
3134 3459 0.506663
3136 3444 0.322115
3137 3445 0.643142
3140 3503 0.361041
3145 3491 0.541616
3151 3515 0.180168
3152 3516 0.532312
3153 3552 0.607760
3154 3544 0.371618
3158 4557 0.730124
3159 3152 0.798441
3160 3553 0.769889
3161 3546 0.378624
3162 3527 0.457793
3163 3528 0.487174
3164 3497 0.640490
3165 966 0.767200
3166 3554 0.632043
3170 3555 0.532739
3171 3532 0.761007
3173 3599 0.788484
3174 3584 0.672013
3177 3556 0.774853
3178 3624 0.738681
3179 3606 0.647039
3180 3573 0.317793
3181 3547 0.561790
3184 3534 0.577253
3185 3617 0.499884
3187 3585 0.413563
3190 924 0.781733
3193 1216 0.777804
3196 3607 0.626086
3197 3593 0.329643
3199 3626 0.637913
3201 3601 0.492921
3202 3084 0.594760
3207 3618 0.286286
3208 3586 0.282825
3209 3629 0.583440
3210 3609 0.450518
3211 3587 0.769485
3213 3580 0.329864
3216 3658 0.258602
3220 3619 0.742092
3222 3072 0.627468
3224 3639 0.604076
3225 3641 0.463761
3226 3630 0.309942
3228 3706 0.766806
3229 3681 0.533768
3244 3620 0.600971
3248 3707 0.391908
3250 3631 0.569384
3251 3750 0.650330
3252 3708 0.415108
3254 3650 0.565455
3256 3719 0.659103
3257 3683 0.480505
3259 3667 0.528211
3262 3728 0.625362
3265 3659 0.684896
3267 3676 0.558428
3268 3781 0.391967
3269 3782 0.532888
3270 3765 0.656107
3272 3752 0.531213
3276 3759 0.222574
3277 3785 0.389825
3284 3734 0.491063
3286 3709 0.296910
3288 3786 0.752204
3289 3761 0.453972
3290 3735 0.466079
3291 3729 0.713232
3295 3806 0.416740
3296 3807 0.471397
3298 3816 0.409141
3304 3818 0.526523
3307 3775 0.354694
3308 3767 0.251834
3311 3854 0.465347
3317 3855 0.575428
3318 3843 0.393385
3320 3768 0.631968
3324 3856 0.756832
3325 3836 0.786454
3326 3810 0.366197
3330 3899 0.445080
3331 3885 0.569646
3332 3826 0.628509
3333 3811 0.723906
3334 3858 0.359590
3338 1447 0.601930
3343 3907 0.666594
3346 3895 0.533113
3348 3866 0.715557
3350 3868 0.704221
3353 3900 0.667828
3354 3847 0.629415
3356 3875 0.784426
3360 3955 0.486356
3361 3947 0.403876
3362 3922 0.791868
3366 3914 0.672197
3369 3860 0.442303
3374 3861 0.557830
3375 3964 0.776324
3377 4401 0.614831
3380 3940 0.661974
3383 3897 0.740788
3386 3988 0.477476
3389 3888 0.489100
3390 4013 0.461437
3392 3981 0.491687
3393 3967 0.410735
3394 3949 0.499441
3395 3935 0.616521
3396 3923 0.673279
3398 2999 0.684713
3399 3990 0.500424
3401 3999 0.369809
3402 3956 0.509849
3403 3950 0.299759
3404 3915 0.621662
3407 4027 0.503927
3410 3951 0.533381
3412 3916 0.316034
3413 4002 0.481273
3417 4041 0.568902
3418 4028 0.419703
3420 4052 0.672332
3422 4433 0.738304
3424 3957 0.627796
3431 4029 0.470690
3432 4022 0.401239
3434 3968 0.405178
3437 4053 0.781568
3439 4014 0.400502
3440 3982 0.258072
3442 4054 0.567901
3452 4122 0.710001
3453 4085 0.689370
3454 4062 0.767890
3456 4033 0.717913
3457 4023 0.486177
3458 717 0.469178
3459 4104 0.529546
3460 4091 0.799759
3461 4077 0.648172
3463 4056 0.506521
3466 4064 0.242852
3467 4129 0.747596
3468 4109 0.535119
3470 4086 0.646958
3471 4123 0.778128
3475 4094 0.797227
3476 4058 0.321722
3478 2080 0.717567
3480 4115 0.628400
3483 4130 0.502826
3488 4137 0.671278
3490 4116 0.407618
3495 4144 0.721637
3498 4210 0.663625
3507 4220 0.639941
3508 4201 0.698913
3509 4160 0.670963
3512 4192 0.454747
3515 4178 0.287546
3516 4161 0.669784
3520 955 0.643213
3524 2277 0.767212
3528 4229 0.642853
3529 4203 0.324111
3530 4180 0.716910
3532 4211 0.392786
3535 4238 0.709384
3537 4221 0.738929
3538 4212 0.589077
3543 4194 0.543827
3545 4510 0.745877
3549 4279 0.790009
3555 4252 0.388818
3556 4253 0.550663
3566 4280 0.583649
3567 4274 0.341906
3572 4258 0.441810
3575 4317 0.690484
3576 4281 0.322632
3578 4318 0.723132
3579 4308 0.435423
3580 4286 0.770035
3599 4414 0.770470
3612 4372 0.509596
3615 4346 0.585698
3618 4363 0.487858
3619 4355 0.452740
3620 2733 0.562782
3621 4092 0.768520
3625 4373 0.676239
3638 4372 0.724016
3645 4327 0.612249
3651 4417 0.507786
3653 4285 0.369627
3656 4484 0.798160
3664 4406 0.726484
3666 4464 0.607534
3667 4478 0.547797
3668 4472 0.748683
3692 390 0.795619
3695 1615 0.796273
3700 4472 0.384414
3710 4472 0.599574
3722 4472 0.560766
3736 4570 0.321751
3737 4570 0.251066
3738 4571 0.393297
3739 4571 0.557043
3740 4571 0.325776
3741 4571 0.399564
3744 4578 0.718262
3745 4578 0.799677
3746 4575 0.674876
3747 4577 0.534356
3748 4583 0.748575
3750 4578 0.741107
3755 4585 0.680267
3758 4587 0.525955
3759 4588 0.532899
3760 4587 0.508177
3763 4599 0.000000
