287
15 22 0.483824
23 19 0.693887
30 27 0.304117
31 28 0.304763
33 29 0.543543
47 48 0.570686
53 50 0.181491
63 57 0.363055
66 87 0.487245
85 76 0.620691
88 77 0.303108
90 84 0.528760
93 86 0.351918
96 88 0.352333
97 90 0.476259
104 94 0.393082
130 107 0.310354
147 112 0.186116
148 113 0.390570
149 114 0.275272
150 122 0.319593
154 789 0.572719
155 124 0.462352
164 133 0.566001
196 159 0.618705
205 256 0.685637
210 164 0.595045
223 173 0.369416
230 175 0.148907
233 176 0.281915
246 189 0.439841
249 191 0.402708
289 226 0.587697
336 252 0.319484
350 265 0.651490
376 271 0.442031
383 466 0.447252
384 275 0.392210
385 276 0.226748
388 277 0.185208
389 278 0.144680
392 279 0.258344
393 280 0.152913
394 281 0.163587
395 282 0.129725
396 283 0.306627
397 284 0.214337
398 285 0.164626
424 309 0.607063
425 309 0.699654
445 325 0.530846
532 414 0.499298
538 417 0.322820
539 418 0.404981
543 425 0.574382
567 682 0.614266
570 436 0.611030
571 437 0.568611
602 452 0.446256
603 453 0.266177
607 454 0.304607
608 455 0.458721
610 457 0.265564
612 459 0.322715
615 724 0.470243
616 456 0.184097
617 274 0.292460
620 460 0.316334
622 461 0.407345
628 462 0.367116
632 468 0.360701
635 467 0.172246
637 465 0.401840
639 735 0.594362
640 472 0.114635
642 473 0.131683
646 476 0.417478
648 477 0.168752
652 478 0.493093
653 479 0.361025
661 495 0.247813
670 500 0.248042
696 523 0.341848
729 547 0.621052
890 430 0.564302
897 1121 0.392336
939 720 0.662484
944 700 0.263603
947 701 0.162519
948 703 0.208597
953 706 0.222720
954 705 0.128769
958 709 0.263837
960 1183 0.540658
963 711 0.339407
965 714 0.159934
966 712 0.148064
967 715 0.172532
970 716 0.342154
971 717 0.269943
972 718 0.196811
975 720 0.238522
976 721 0.203783
982 725 0.231588
986 722 0.407718
988 723 0.220921
998 733 0.118248
1006 735 0.212449
1013 1216 0.466206
1016 737 0.381444
1025 1223 0.589777
1026 1224 0.531417
1028 738 0.188636
1031 1238 0.451840
1042 744 0.378391
1043 745 0.380231
1045 746 0.636027
1048 1291 0.605885
1049 756 0.391397
1050 757 0.296120
1060 762 0.614930
1064 1318 0.577599
1065 764 0.475383
1066 765 0.383142
1068 501 0.659979
1085 511 0.663396
1104 792 0.396216
1106 794 0.663843
1107 798 0.629873
1110 803 0.670474
1113 812 0.571766
1452 1126 0.660431
1457 1138 0.648087
1479 1143 0.642242
1480 1144 0.604380
1496 1155 0.239691
1501 1158 0.387085
1519 1875 0.593206
1520 1876 0.618160
1559 1172 0.176023
1560 1890 0.654710
1566 1175 0.309589
1568 1176 0.240988
1569 1177 0.216713
1570 1178 0.376748
1571 1897 0.668178
1572 704 0.329605
1574 1179 0.177488
1578 1180 0.279492
1580 1184 0.208005
1587 1190 0.158510
1591 1194 0.159663
1592 1192 0.304325
1593 1193 0.193304
1594 1187 0.534833
1595 1188 0.141770
1596 1189 0.229736
1606 728 0.365450
1610 1201 0.142661
1611 1205 0.513742
1612 1206 0.256541
1617 1199 0.201495
1618 1202 0.420696
1623 1203 0.313915
1627 730 0.608389
1628 731 0.471263
1633 1208 0.298971
1638 1218 0.518246
1648 734 0.492291
1650 1212 0.239530
1651 1226 0.280144
1652 1227 0.224491
1654 1220 0.270399
1655 1221 0.315790
1656 1217 0.249070
1659 1232 0.302485
1662 1230 0.319775
1663 1231 0.413380
1664 1234 0.218697
1666 1237 0.137251
1670 1235 0.394363
1679 1249 0.360036
1680 1250 0.412513
1684 1247 0.377593
1698 1266 0.313998
1699 1267 0.306689
1700 1276 0.389198
1702 1279 0.508069
1704 1284 0.306884
1705 1287 0.377180
1706 1288 0.275760
1710 1290 0.335255
1718 1296 0.304643
1719 1300 0.271167
1722 1303 0.503675
1727 1311 0.488089
1732 1321 0.284277
1733 1319 0.275153
1734 1320 0.322680
1735 2070 0.690748
1737 1322 0.465313
1740 1328 0.310299
1741 1329 0.216030
1748 1338 0.506485
1761 1343 0.673901
1772 1348 0.602173
1792 1366 0.323458
1796 1371 0.430832
1799 2747 0.483358
2234 1754 0.630845
2315 1796 0.667688
2326 1803 0.691413
2331 1106 0.583979
2377 1835 0.622223
2381 1840 0.318216
2425 2744 0.509446
2434 1850 0.335852
2456 2786 0.621301
2468 1872 0.476514
2469 1873 0.341049
2525 1889 0.425633
2526 1891 0.283635
2532 1895 0.275440
2536 1901 0.330854
2537 1899 0.499102
2538 1898 0.456919
2563 1191 0.576283
2566 1906 0.293528
2569 1907 0.259362
2573 1911 0.426565
2575 1912 0.477542
2583 1910 0.220117
2584 1909 0.454387
2586 1913 0.336974
2592 1916 0.196447
2604 1922 0.213254
2606 1923 0.152060
2612 1197 0.575338
2614 1918 0.312933
2615 1919 0.352570
2623 1929 0.235354
2631 1930 0.248521
2635 1921 0.487625
2637 1932 0.309495
2639 1938 0.185427
2647 1943 0.463020
2649 1944 0.445248
2652 1942 0.264302
2660 1952 0.415139
2664 1959 0.286788
2665 1228 0.389561
2674 1949 0.322718
2675 1950 0.334646
2694 1965 0.390776
2700 1960 0.276128
2715 1983 0.581703
2716 1973 0.380463
2717 1974 0.309302
2722 1977 0.420702
2723 1978 0.421576
2739 2002 0.465833
2743 2015 0.674038
2747 2017 0.372140
2751 2021 0.333654
2752 2018 0.443211
2780 1308 0.486429
2790 2047 0.581994
2795 2055 0.405193
2798 1312 0.414822
2799 1313 0.360156
2809 2063 0.306762
2810 2064 0.414561
2818 2065 0.564532
2828 2073 0.630433
2831 2074 0.543861
2835 2076 0.571315
2839 1336 0.651811
2867 1348 0.565705
2868 1349 0.608684
2873 2106 0.523996
2912 2140 0.587590
2922 2683 0.667329
2930 2190 0.583004
3419 2587 0.619018
3629 1809 0.545470
3678 2729 0.633623
3757 2757 0.624273
