631
8 7 0.531727
9 8 0.575003
16 17 0.114912
23 21 0.435942
24 24 0.673349
26 26 0.390780
29 27 0.487720
30 48 0.257109
31 28 0.449810
32 49 0.282602
33 50 0.301712
37 32 0.401360
38 33 0.170348
44 37 0.504288
45 38 0.563151
50 45 0.498307
52 84 0.573943
53 46 0.690670
54 47 0.614406
58 51 0.189017
63 54 0.314633
69 100 0.626727
74 65 0.694266
89 79 0.392746
96 88 0.402571
97 87 0.269921
98 90 0.306954
100 91 0.266351
105 93 0.438200
109 97 0.400758
110 101 0.412004
111 102 0.418360
112 103 0.329908
119 109 0.340556
125 112 0.226870
126 115 0.567726
132 121 0.594239
136 86 0.554619
140 124 0.295306
148 131 0.217651
150 136 0.315681
156 248 0.651307
157 250 0.295539
158 251 0.353066
159 142 0.273353
160 144 0.481161
170 161 0.558057
184 174 0.371367
186 177 0.302901
209 202 0.430356
222 214 0.454148
224 359 0.369678
226 216 0.293559
229 218 0.147107
232 373 0.600799
233 217 0.645340
235 223 0.232096
236 224 0.694390
237 230 0.187245
238 227 0.452426
245 235 0.176134
246 236 0.272896
247 240 0.202295
251 241 0.351077
252 242 0.334290
259 244 0.430349
262 245 0.476444
269 250 0.101511
270 251 0.103199
273 252 0.383163
274 253 0.180064
276 256 0.337159
279 258 0.113580
281 263 0.144612
282 445 0.470938
283 266 0.517583
286 452 0.437730
287 453 0.325861
296 272 0.322298
303 280 0.347922
304 160 0.691522
306 285 0.208206
307 470 0.400949
308 471 0.455323
311 289 0.553898
314 292 0.292263
316 475 0.649319
337 303 0.291888
355 529 0.589299
358 317 0.255989
361 319 0.441736
366 543 0.692496
381 336 0.632926
382 338 0.490134
383 339 0.413106
389 335 0.433655
394 349 0.466436
395 347 0.361753
400 348 0.274238
402 581 0.679749
406 943 0.502406
412 215 0.348939
413 361 0.254276
414 362 0.158039
415 365 0.367346
416 366 0.436397
418 363 0.202533
421 379 0.367455
422 380 0.159555
424 381 0.216594
436 395 0.136824
437 396 0.117247
453 243 0.677984
457 414 0.342396
458 415 0.344941
459 416 0.243932
463 678 0.422196
464 420 0.484037
467 422 0.056208
471 430 0.308964
472 431 0.408450
473 432 0.475578
474 433 0.469810
475 440 0.237139
476 441 0.395290
477 701 0.293516
481 451 0.679958
484 458 0.114311
494 464 0.286295
496 466 0.249508
497 467 0.295401
522 505 0.427058
529 826 0.687346
532 519 0.135560
533 520 0.271796
558 545 0.222559
570 548 0.305577
609 580 0.601581
611 578 0.300923
615 929 0.555522
616 934 0.668092
624 940 0.629305
630 591 0.319343
631 592 0.543674
632 357 0.272816
633 593 0.306417
634 595 0.290842
635 950 0.652936
638 596 0.251055
643 597 0.334116
647 364 0.587670
650 603 0.654961
655 605 0.376782
656 612 0.352014
657 613 0.486914
659 610 0.293099
667 614 0.178264
671 623 0.536849
672 625 0.269349
674 624 0.177665
676 628 0.149481
677 629 0.254808
685 640 0.672444
688 643 0.469551
689 644 0.583389
696 404 0.404461
704 406 0.688336
705 652 0.388060
708 654 0.430052
711 657 0.319849
715 659 0.602979
723 666 0.318211
730 1107 0.403912
733 413 0.393305
736 418 0.447872
744 672 0.314323
747 680 0.119432
754 685 0.105162
756 686 0.534212
757 687 0.581236
758 688 0.127348
759 691 0.113759
761 698 0.370601
766 707 0.237322
768 713 0.548468
773 716 0.261543
774 718 0.491553
777 720 0.584289
778 723 0.599435
779 731 0.559428
784 739 0.215881
788 462 0.538911
790 743 0.180993
791 744 0.188464
794 750 0.304016
800 759 0.373712
801 757 0.256227
805 771 0.276628
806 772 0.296796
808 773 0.245215
809 774 0.363823
812 779 0.638219
817 782 0.524282
828 795 0.644715
848 809 0.608569
874 828 0.659964
881 1335 0.640668
892 849 0.552537
894 848 0.421851
902 852 0.522450
905 859 0.323912
934 873 0.682329
959 891 0.542179
969 885 0.493122
974 906 0.479108
975 907 0.388918
983 899 0.530576
987 910 0.369808
988 911 0.516104
992 918 0.486429
994 1459 0.658838
1010 923 0.584991
1021 927 0.532880
1023 936 0.474782
1035 938 0.333979
1036 943 0.278822
1038 942 0.179062
1042 946 0.167499
1043 947 0.482426
1044 944 0.533142
1045 949 0.207145
1046 945 0.083443
1047 948 0.145790
1048 952 0.363007
1049 953 0.225746
1052 954 0.155413
1059 956 0.107703
1073 964 0.513910
1074 965 0.522956
1075 967 0.229274
1076 969 0.241287
1077 959 0.275552
1079 968 0.110295
1081 978 0.359412
1082 979 0.557218
1084 976 0.252347
1085 977 0.142083
1093 984 0.264579
1094 972 0.520857
1095 986 0.332642
1103 1594 0.295749
1106 998 0.300861
1107 1597 0.584515
1117 1004 0.201034
1118 1007 0.292959
1121 1011 0.222002
1128 1015 0.482700
1131 1652 0.422675
1137 1022 0.261993
1138 1023 0.267330
1140 1020 0.359774
1143 1670 0.468772
1144 1671 0.506411
1153 1685 0.536009
1154 1037 0.335250
1155 1038 0.263095
1157 1045 0.248237
1158 1046 0.347980
1160 1050 0.465489
1168 1717 0.607583
1174 1070 0.214964
1175 1071 0.302102
1177 1072 0.246539
1178 1077 0.349811
1180 650 0.691248
1190 1744 0.649228
1194 1085 0.198819
1195 1753 0.685594
1202 1089 0.567625
1203 1090 0.491219
1204 1092 0.500488
1205 1093 0.365345
1206 1095 0.379096
1209 1094 0.676510
1212 664 0.671883
1214 1098 0.573183
1215 1097 0.435287
1225 667 0.440812
1232 3001 0.674652
1236 1107 0.203944
1237 1106 0.327640
1244 1110 0.155352
1251 1117 0.174936
1258 1129 0.258129
1259 1138 0.682646
1263 1139 0.171330
1264 1140 0.110104
1265 1145 0.393527
1266 1143 0.224389
1273 1150 0.126916
1274 1151 0.394377
1280 1159 0.553959
1284 1162 0.259959
1286 1169 0.523720
1288 1164 0.285610
1289 1165 0.409701
1290 1177 0.359598
1293 1182 0.305163
1297 1184 0.243998
1298 1891 0.504109
1308 1201 0.235619
1314 1208 0.374571
1315 1209 0.308671
1316 1212 0.217064
1317 1220 0.576583
1321 1218 0.221622
1322 1222 0.211333
1334 1228 0.231213
1335 1240 0.484202
1337 775 0.670661
1341 1251 0.496593
1346 1246 0.316050
1347 1247 0.317790
1351 1253 0.381856
1353 1257 0.518818
1354 1258 0.571110
1357 1260 0.598667
1365 1262 0.477032
1449 1315 0.522698
1469 1324 0.461534
1485 1337 0.425211
1494 1346 0.451417
1506 1350 0.621876
1517 2151 0.645533
1566 1392 0.543465
1571 1397 0.579509
1572 1395 0.311886
1589 1432 0.638581
1601 1443 0.657049
1602 1444 0.547445
1606 1421 0.604203
1627 1466 0.689022
1628 1467 0.657453
1635 1446 0.680768
1645 1475 0.379772
1646 1459 0.446887
1650 1463 0.455407
1664 1473 0.318214
1708 1502 0.276134
1709 685 0.653275
1713 1515 0.363230
1714 1516 0.323785
1715 1517 0.259582
1716 1510 0.226275
1718 1503 0.295896
1720 1513 0.329224
1721 1514 0.326857
1722 1509 0.261374
1723 1505 0.422607
1724 1512 0.585738
1725 1508 0.331427
1728 2379 0.247589
1729 2380 0.393659
1730 2385 0.544657
1731 1518 0.489149
1732 2390 0.511913
1733 1521 0.395772
1734 1522 0.232120
1736 2397 0.469475
1737 1527 0.568181
1740 2399 0.466620
1743 2400 0.349070
1749 1536 0.313115
1750 1532 0.355818
1751 1533 0.286753
1752 1535 0.294218
1754 1523 0.487412
1756 1528 0.426862
1758 1534 0.219725
1760 1545 0.259026
1761 2446 0.433577
1762 2447 0.610245
1765 1557 0.663468
1770 1556 0.241475
1780 1576 0.379480
1781 1577 0.316620
1788 1580 0.457852
1789 1599 0.585217
1792 1583 0.191672
1797 1606 0.344674
1802 1595 0.203083
1803 1615 0.373993
1805 2527 0.521274
1809 1633 0.425992
1810 1634 0.164138
1819 1623 0.350524
1822 1625 0.336940
1826 1628 0.301071
1828 1629 0.219961
1830 1642 0.269588
1831 1643 0.176330
1836 1012 0.528314
1837 1650 0.388554
1842 1649 0.229603
1843 1644 0.550802
1844 1645 0.391797
1847 1660 0.269795
1848 1646 0.248238
1850 1654 0.265211
1852 1653 0.255256
1855 1664 0.393706
1857 1657 0.317051
1861 1028 0.556060
1873 1694 0.212023
1883 1702 0.434909
1885 1060 0.566386
1886 1061 0.586230
1889 1703 0.414388
1893 1704 0.412407
1894 1705 0.326224
1896 1710 0.434826
1897 1711 0.634588
1925 1729 0.444144
1928 1728 0.524690
1930 1733 0.137304
1948 1747 0.569833
1950 1751 0.412259
1952 1754 0.515778
1953 1755 0.577793
1982 2928 0.684161
1984 1104 0.587059
1990 1778 0.487072
1994 1781 0.660532
1996 1782 0.322744
2000 2812 0.277039
2005 2816 0.364742
2006 2817 0.416525
2010 1788 0.145672
2016 1794 0.174604
2017 1795 0.192907
2019 1796 0.395522
2020 1800 0.433001
2021 1801 0.228789
2030 1807 0.686408
2034 2860 0.338591
2035 1820 0.264982
2040 1824 0.304139
2041 1827 0.392451
2045 1839 0.549449
2047 1837 0.163547
2053 2910 0.540799
2055 1852 0.176761
2056 1855 0.264761
2058 2921 0.574738
2059 1873 0.467251
2060 1872 0.491047
2062 1863 0.226399
2065 1874 0.532794
2066 1875 0.198410
2071 1876 0.319909
2072 1877 0.378988
2074 1881 0.502150
2078 1883 0.257315
2082 1885 0.416424
2083 1886 0.260266
2108 1907 0.214703
2109 1193 0.448817
2115 1917 0.510270
2123 1927 0.675613
2124 1918 0.293338
2128 1924 0.242245
2139 1937 0.290677
2140 2993 0.474356
2141 2994 0.436307
2148 1227 0.429712
2151 1950 0.229483
2165 1965 0.633352
2169 1967 0.266855
2170 1968 0.211106
2188 1984 0.487959
2261 2054 0.498512
2283 2071 0.527502
2298 3236 0.393895
2371 2164 0.423092
2393 2168 0.375747
2442 3396 0.557760
2446 2232 0.695379
2447 2233 0.630781
2458 2223 0.406811
2466 1420 0.536033
2493 2267 0.672805
2523 2260 0.616927
2527 2288 0.677134
2528 2271 0.403778
2545 2307 0.408386
2566 1487 0.660822
2573 3562 0.663725
2578 1488 0.661392
2586 3582 0.611293
2592 2312 0.288279
2594 2330 0.466853
2596 2339 0.671323
2598 2338 0.461578
2604 2340 0.609598
2615 2341 0.681151
2618 3592 0.514520
2653 375 0.602843
2659 941 0.611878
2664 1498 0.339098
2671 2350 0.451616
2672 2351 0.398144
2673 2358 0.250731
2677 2367 0.626432
2681 2362 0.406368
2683 1501 0.483231
2689 1506 0.334318
2691 2363 0.328527
2698 2364 0.416458
2699 2369 0.321182
2703 2372 0.177227
2707 685 0.685417
2708 2381 0.639932
2711 2388 0.293842
2713 2389 0.221363
2717 2396 0.301713
2727 2401 0.534405
2743 2406 0.409116
2747 2408 0.257168
2753 2418 0.385218
2763 1511 0.631342
2766 941 0.640704
2772 2429 0.316030
2775 2427 0.434198
2776 2428 0.594124
2783 2433 0.235470
2792 2440 0.209110
2795 2435 0.490399
2796 2445 0.641804
2800 2482 0.545971
2801 2483 0.534035
2814 2486 0.583259
2817 2466 0.226652
2819 2474 0.442279
2831 2497 0.610899
2832 2493 0.486328
2846 2491 0.619813
2855 2529 0.280527
2859 2524 0.661144
2861 2525 0.372810
2862 2537 0.415624
2870 1612 0.580300
2882 2555 0.276007
2905 2570 0.486201
2927 2574 0.271018
2928 2575 0.481051
2929 2592 0.598729
2936 2587 0.603736
2941 2617 0.573418
2951 2613 0.458330
2956 2629 0.673563
2957 2633 0.442115
2958 2634 0.289781
2959 2622 0.501674
2960 2623 0.437091
2965 2642 0.464971
2968 2626 0.491594
2969 2627 0.392135
2970 2628 0.424637
2975 2650 0.424822
2990 2651 0.281895
3014 2684 0.423406
3015 2685 0.359757
3024 2691 0.369539
3025 2692 0.321566
3055 1725 0.539483
3074 2721 0.278413
3078 2732 0.490766
3086 2736 0.268416
3093 2739 0.207634
3094 2744 0.278088
3097 2748 0.290788
3102 2751 0.364174
3108 2756 0.548640
3111 2757 0.386490
3123 2765 0.597327
3124 2766 0.535891
3144 1766 0.563441
3146 2775 0.692165
3157 2789 0.635983
3161 2788 0.378647
3176 2798 0.696654
3190 2809 0.227369
3191 2813 0.238737
3192 2814 0.432688
3203 2822 0.198743
3213 2825 0.687485
3218 2830 0.477582
3220 1798 0.638945
3224 2839 0.245715
3248 2879 0.615170
3252 2885 0.248242
3263 2893 0.460267
3264 2888 0.345938
3266 2894 0.403184
3277 2912 0.495779
3278 2913 0.644513
3290 2926 0.266142
3297 2928 0.104551
3304 2937 0.388802
3337 1904 0.668873
3351 2977 0.418650
3369 3002 0.344364
3405 1970 0.671101
3411 3046 0.435976
3413 3060 0.685351
3484 3102 0.662029
3647 3247 0.417240
3708 3302 0.645562
3825 3441 0.696423
3827 3418 0.684342
3840 3447 0.559899
3846 3430 0.532432
3885 3495 0.588457
3897 3448 0.549087
3915 3505 0.484753
3916 3506 0.454961
3960 2294 0.675051
3970 564 0.686672
4008 2323 0.525749
4021 3587 0.481693
4032 3584 0.522533
