419
10 17 0.550483
14 10 0.532937
20 16 0.530039
21 17 0.696212
27 21 0.393606
28 20 0.300691
34 44 0.440298
39 34 0.348822
42 22 0.421098
45 48 0.649350
46 77 0.678574
51 88 0.267030
58 90 0.428467
68 57 0.251410
72 61 0.603918
88 2071 0.616515
91 92 0.483652
92 54 0.581583
102 95 0.151432
105 96 0.158849
108 103 0.296958
128 204 0.472409
129 205 0.452513
131 132 0.539960
142 149 0.657363
145 85 0.468455
146 86 0.582025
167 102 0.488832
175 175 0.506378
203 213 0.694131
215 227 0.313999
216 226 0.211239
218 230 0.203800
219 231 0.248643
220 232 0.259161
224 235 0.462355
227 236 0.216886
231 154 0.579121
232 155 0.502367
234 433 0.693747
235 250 0.596472
236 251 0.499531
244 258 0.335285
251 265 0.421966
252 268 0.618348
254 270 0.681183
255 271 0.229417
256 272 0.154030
327 350 0.664691
341 598 0.591023
352 373 0.228755
355 377 0.594646
356 378 0.553973
371 641 0.364252
372 400 0.611490
373 402 0.185070
375 411 0.226094
377 412 0.223797
378 413 0.283424
380 419 0.320168
382 424 0.474985
386 431 0.385866
387 432 0.274007
399 435 0.328462
400 438 0.292095
415 448 0.439522
420 452 0.571338
426 459 0.267916
427 461 0.211546
433 266 0.699531
434 267 0.666250
438 273 0.571687
441 471 0.595604
547 595 0.635667
556 605 0.376860
557 606 0.568694
568 986 0.564091
585 647 0.277871
586 648 0.303603
587 403 0.519679
588 649 0.298262
589 653 0.294762
590 654 0.222865
591 651 0.528412
592 652 0.284905
593 650 0.209339
594 1053 0.572830
596 655 0.233063
597 656 0.282479
599 405 0.300229
605 667 0.549684
606 665 0.299518
613 668 0.208135
614 1094 0.635997
618 674 0.345516
619 675 0.242001
624 676 0.580893
626 671 0.315938
627 672 0.424238
629 673 0.172067
633 677 0.396380
636 685 0.274917
638 1136 0.559224
641 693 0.246321
643 695 0.291201
644 1163 0.335497
647 699 0.247034
650 697 0.303864
651 698 0.339499
654 701 0.195298
660 441 0.624993
663 709 0.534316
664 712 0.583615
667 1208 0.644206
676 726 0.351195
684 3272 0.602768
693 1255 0.520208
694 751 0.365895
695 752 0.337903
697 757 0.349437
699 759 0.395952
710 777 0.493695
711 778 0.538443
899 978 0.310990
905 982 0.466084
914 987 0.582966
922 1015 0.639509
930 1047 0.213663
932 1048 0.260160
933 1049 0.272506
934 1051 0.375126
935 1052 0.190688
937 1055 0.246143
938 1054 0.264262
939 1056 0.206430
940 1057 0.386967
943 1788 0.431293
945 1075 0.368204
946 1074 0.258258
951 1082 0.570512
956 401 0.691873
962 1085 0.329342
973 1096 0.412720
974 1095 0.279477
979 1101 0.295675
980 668 0.568216
981 1094 0.339102
983 1107 0.269519
989 1114 0.192212
990 1118 0.286869
992 1859 0.640577
1000 682 0.549646
1001 683 0.482307
1002 1131 0.258202
1003 1140 0.312117
1007 1134 0.339520
1008 1887 0.339820
1010 1147 0.336792
1012 1900 0.393989
1014 1143 0.327955
1015 1144 0.340242
1017 1149 0.120690
1018 1150 0.170954
1020 1152 0.262025
1021 1153 0.334539
1022 1157 0.285390
1024 1159 0.351258
1035 1167 0.272677
1036 1925 0.436658
1037 1926 0.436611
1038 1170 0.279472
1039 1172 0.274562
1040 1178 0.371131
1051 1192 0.277925
1052 1201 0.486095
1080 727 0.581952
1111 1262 0.551249
1126 1276 0.447408
1131 1277 0.556982
1138 1280 0.193618
1139 1279 0.343230
1147 1284 0.224292
1148 1282 0.537452
1149 1288 0.490512
1155 1298 0.413654
1157 1297 0.348001
1176 1315 0.671089
1187 2157 0.568471
1306 1460 0.692751
1437 2617 0.506882
1446 2639 0.536571
1458 1648 0.458952
1464 2659 0.633376
1467 1641 0.488855
1471 2663 0.443242
1475 1666 0.612970
1478 988 0.649300
1503 1679 0.499449
1513 1687 0.315282
1538 2805 0.575998
1539 1750 0.512811
1541 2821 0.449422
1542 2823 0.503981
1543 1751 0.440413
1544 1752 0.277054
1547 1764 0.331291
1548 1765 0.416048
1549 1758 0.208272
1550 1760 0.203167
1551 1763 0.408045
1552 1761 0.237884
1553 1767 0.193072
1554 1762 0.352215
1555 1766 0.451945
1563 2878 0.650337
1565 1800 0.368519
1567 1795 0.209585
1573 1796 0.383038
1577 1799 0.204988
1579 1803 0.317655
1581 1814 0.327370
1584 1817 0.237936
1585 1095 0.466852
1586 1816 0.238435
1590 1819 0.283731
1597 1826 0.375402
1598 1825 0.204927
1599 1829 0.180103
1602 1827 0.505843
1605 1840 0.338819
1607 1859 0.588203
1613 1842 0.380408
1614 1843 0.155988
1616 1857 0.505568
1622 1866 0.414626
1624 1128 0.434310
1625 1129 0.487842
1629 1855 0.184338
1630 1881 0.374946
1631 1882 0.421581
1632 1878 0.329681
1634 1135 0.529190
1639 1880 0.600733
1642 1888 0.240987
1644 3030 0.364843
1645 3031 0.360403
1647 1896 0.683100
1649 1895 0.287746
1657 1903 0.469079
1658 1898 0.621444
1665 1916 0.255109
1667 1911 0.170721
1668 1164 0.613054
1669 1165 0.465211
1671 1917 0.249743
1672 1921 0.213226
1675 1932 0.343468
1676 3118 0.580945
1677 1934 0.396045
1681 1930 0.220114
1682 1931 0.322119
1686 1946 0.339191
1691 1951 0.398365
1692 1952 0.580907
1693 1953 0.359016
1701 1977 0.690102
1708 1983 0.372550
1709 1987 0.327952
1711 1994 0.358896
1713 1995 0.278918
1714 1993 0.254947
1720 1997 0.308960
1721 1998 0.388155
1724 2001 0.349598
1725 2005 0.446386
1728 2008 0.240083
1754 2053 0.388627
1755 1228 0.620419
1766 3272 0.639219
1776 2066 0.477620
1781 1248 0.499975
1790 3295 0.660582
1798 2088 0.360459
1799 2091 0.300151
1800 2093 0.459864
1801 2095 0.260651
1808 2100 0.321849
1828 2112 0.338720
1835 2113 0.480733
1846 2114 0.284088
1851 2115 0.375912
1860 2118 0.464611
1863 2120 0.309480
1865 2121 0.292892
1867 2123 0.479907
1868 2124 0.401400
1869 1290 0.470157
1871 2126 0.410925
1891 2134 0.529245
1921 2150 0.591116
1936 3442 0.423705
2081 2305 0.613342
2097 1436 0.688626
2105 2345 0.664770
2318 2590 0.610497
2322 2642 0.586898
2323 2643 0.548549
2336 2606 0.415576
2347 2625 0.629073
2398 2680 0.294742
2403 4105 0.404520
2413 2677 0.387482
2420 4158 0.566975
2437 2706 0.428798
2442 2710 0.432659
2455 2717 0.524164
2477 4253 0.499891
2480 2743 0.231361
2483 2763 0.660882
2497 2812 0.419831
2500 2820 0.289894
2504 2822 0.628112
2505 1757 0.517205
2507 2826 0.358155
2508 2832 0.215819
2509 2840 0.378462
2510 2828 0.346974
2511 2831 0.194363
2512 2839 0.501068
2515 2841 0.524909
2521 1768 0.556784
2531 2877 0.330529
2533 2880 0.347569
2535 2886 0.356513
2540 2900 0.642157
2543 2898 0.178264
2544 2899 0.262991
2546 2889 0.203287
2548 2890 0.581940
2553 2926 0.311477
2554 2901 0.398720
2555 2902 0.611772
2559 2942 0.350182
2560 2916 0.379573
2561 2951 0.396217
2568 2934 0.391853
2571 2953 0.355238
2572 2944 0.171730
2574 2949 0.283592
2582 1830 0.561679
2597 2970 0.386229
2598 2987 0.444691
2602 2977 0.330496
2603 2978 0.216316
2605 2969 0.529577
2607 2994 0.312502
2610 2996 0.469446
2624 2997 0.527446
2626 3023 0.251510
2632 3014 0.285857
2646 3060 0.512727
2653 3043 0.379367
2658 3053 0.368368
2659 3064 0.515962
2669 3088 0.507347
2678 3089 0.255971
2681 3086 0.256545
2682 3087 0.347563
2685 3079 0.220115
2686 3073 0.232115
2688 3102 0.334236
2704 3104 0.257460
2709 3112 0.472794
2710 3113 0.512583
2724 1933 0.690852
2726 3123 0.683088
2737 3130 0.542053
2738 3131 0.443128
2742 3141 0.474475
2754 1975 0.642083
2760 3161 0.434974
2761 3162 0.541273
2765 3172 0.275155
2767 3178 0.408947
2768 3179 0.524707
2773 3195 0.686328
2779 3201 0.529625
2784 3209 0.298890
2785 3210 0.307957
2796 3215 0.279287
2807 2019 0.627599
2865 3272 0.653223
2903 3297 0.401527
2908 3311 0.350696
2910 2098 0.479027
2931 3339 0.346485
2935 3342 0.347683
2949 3350 0.347967
2951 3352 0.270385
2955 3353 0.391983
2965 3361 0.474499
2981 3379 0.587401
3000 3399 0.537367
3024 3408 0.670395
3305 3708 0.556671
3596 2610 0.605347
3607 4219 0.696493
3714 4112 0.555476
3715 4113 0.375572
3724 4143 0.316230
3725 4144 0.295590
3732 4125 0.478440
3739 4232 0.517260
3759 2696 0.659394
3771 4187 0.522636
3797 4240 0.614846
3844 4265 0.562061
3845 4266 0.477553
3848 4284 0.646314
