561
9 7 0.430134
13 21 0.405721
15 12 0.449055
18 15 0.262620
23 17 0.159609
26 18 0.492353
27 11 0.644413
35 36 0.224458
37 40 0.127749
38 41 0.144189
50 94 0.389990
52 55 0.568471
53 57 0.266397
56 107 0.421042
60 73 0.405846
69 79 0.565628
75 84 0.610739
76 85 0.604062
83 142 0.513624
89 99 0.407200
91 101 0.614342
108 113 0.520171
109 114 0.341288
110 115 0.416167
122 129 0.476803
133 135 0.658323
143 138 0.531208
145 231 0.370555
153 145 0.665943
156 147 0.336169
157 248 0.550990
161 258 0.532453
164 152 0.255162
166 106 0.355091
170 167 0.343131
173 168 0.463002
193 183 0.663056
210 204 0.456264
220 221 0.656298
224 141 0.448209
238 239 0.283774
239 240 0.157534
240 241 0.134338
241 242 0.219197
242 243 0.182408
247 248 0.118887
248 249 0.282564
249 250 0.381369
254 255 0.304874
255 258 0.378034
259 265 0.086681
262 267 0.570657
277 164 0.464713
278 290 0.211186
279 291 0.246008
280 294 0.198438
290 301 0.355111
311 322 0.686280
340 545 0.663173
361 390 0.380788
362 391 0.307872
366 396 0.538376
368 392 0.494916
393 405 0.550321
394 625 0.396428
395 406 0.437598
396 407 0.382500
397 629 0.327865
401 410 0.242223
407 227 0.334449
409 646 0.616377
410 417 0.253239
415 425 0.244402
420 427 0.184870
421 428 0.239609
422 670 0.320397
423 429 0.364685
425 431 0.353100
427 678 0.443427
428 432 0.256156
429 433 0.257063
434 440 0.495376
440 441 0.159344
442 443 0.204528
449 718 0.697800
453 455 0.562062
454 456 0.597819
456 264 0.364258
458 266 0.417643
463 462 0.097311
464 268 0.571688
472 285 0.470991
476 482 0.210319
480 483 0.202910
483 488 0.330174
485 489 0.366949
486 493 0.366855
491 495 0.387350
502 504 0.305278
506 309 0.666579
546 542 0.400881
557 548 0.517622
562 549 0.416316
581 574 0.590654
599 979 0.376410
603 604 0.288183
604 605 0.256021
608 398 0.544756
623 610 0.490069
632 620 0.228111
633 618 0.290061
634 619 0.517917
635 626 0.312192
636 622 0.383178
642 627 0.254794
643 628 0.353750
660 653 0.444109
663 654 0.424968
664 658 0.340868
669 663 0.374773
680 673 0.233023
681 679 0.400838
688 682 0.164578
689 681 0.267242
690 1136 0.614572
691 683 0.169473
700 687 0.282550
702 690 0.227620
705 698 0.344185
707 700 0.369819
708 701 0.429285
714 707 0.161205
724 714 0.675566
732 449 0.644111
741 725 0.585595
748 735 0.283941
753 738 0.407607
755 743 0.117575
760 745 0.153670
761 746 0.112579
764 750 0.523502
765 752 0.507542
766 753 0.350064
767 469 0.532819
799 782 0.218480
807 785 0.488016
816 1313 0.531101
820 797 0.253296
840 1338 0.671437
846 804 0.566010
901 888 0.413782
911 544 0.628124
924 916 0.630663
929 919 0.496076
934 913 0.614691
958 578 0.475423
975 594 0.642712
980 986 0.673314
1012 1015 0.497642
1014 1009 0.654067
1037 1031 0.250441
1038 1027 0.390918
1041 1034 0.398368
1042 1033 0.145781
1045 1041 0.416578
1046 1709 0.398960
1059 1062 0.442763
1060 1068 0.327913
1061 1061 0.257798
1062 645 0.355019
1067 1058 0.359108
1068 1060 0.206467
1069 1065 0.318759
1070 1066 0.313054
1072 1078 0.258853
1073 1071 0.221945
1076 1072 0.362812
1077 1091 0.222298
1078 1087 0.218326
1079 1088 0.237602
1083 1772 0.415741
1084 1773 0.362443
1086 1086 0.341945
1087 1098 0.133123
1089 1090 0.649913
1090 1108 0.185441
1091 1105 0.468208
1092 1101 0.165682
1093 1102 0.198614
1097 1109 0.234442
1102 1111 0.246676
1103 1112 0.404813
1104 661 0.451410
1105 662 0.445674
1106 1115 0.182329
1109 664 0.581727
1110 665 0.471530
1111 1110 0.183531
1117 1114 0.238620
1119 1124 0.433104
1120 1113 0.197536
1121 1120 0.147769
1122 668 0.365244
1126 1122 0.585136
1127 1123 0.652913
1137 1132 0.250953
1142 680 0.508656
1145 1135 0.137246
1146 1136 0.289669
1154 1139 0.225150
1158 1142 0.288473
1160 1141 0.228334
1162 1145 0.188547
1166 1149 0.280860
1169 1150 0.267805
1173 1159 0.218015
1174 1164 0.391828
1175 1165 0.238078
1179 1167 0.286980
1182 695 0.432648
1183 1170 0.393581
1187 1173 0.160611
1188 1171 0.418759
1191 1920 0.502809
1194 1179 0.199689
1196 1181 0.287131
1204 1185 0.519833
1205 1186 0.493759
1210 1192 0.223727
1229 1207 0.380209
1230 1208 0.397473
1242 1219 0.677238
1244 1218 0.582763
1245 1219 0.518735
1249 1229 0.547431
1252 1231 0.450396
1259 1243 0.272534
1261 1245 0.127798
1263 1246 0.200704
1265 1253 0.207534
1266 1255 0.208382
1267 1256 0.143032
1285 1278 0.320725
1286 1279 0.277350
1303 1291 0.410670
1306 1295 0.298999
1319 1299 0.303756
1328 1301 0.650274
1329 2113 0.689326
1333 1312 0.576125
1339 1325 0.470883
1345 1333 0.541766
1538 907 0.630882
1599 1576 0.571784
1603 948 0.468390
1623 1596 0.343889
1631 972 0.513976
1652 986 0.621605
1673 989 0.592021
1677 1656 0.511833
1724 1694 0.144157
1726 1695 0.380732
1727 1707 0.418058
1728 1710 0.482227
1729 1692 0.429654
1730 1690 0.534215
1732 2679 0.297962
1733 2680 0.419928
1734 2655 0.315807
1736 1717 0.419242
1737 1693 0.399462
1739 1712 0.377635
1740 1702 0.421780
1741 2682 0.407871
1742 1700 0.247427
1743 1701 0.194811
1745 1698 0.173056
1746 2678 0.343339
1747 1711 0.174407
1770 1748 0.272307
1772 1747 0.410441
1773 1738 0.660440
1774 1739 0.411769
1775 1056 0.466742
1776 1053 0.650409
1777 2729 0.536631
1780 2756 0.510850
1790 1764 0.492348
1804 1783 0.207726
1809 1776 0.239601
1810 1777 0.331923
1813 1771 0.226647
1815 1782 0.197596
1822 1785 0.330073
1833 1796 0.419820
1836 1816 0.307687
1844 2889 0.444865
1845 2901 0.479206
1850 1817 0.195230
1852 2900 0.487090
1853 1818 0.312920
1858 1825 0.359347
1860 1829 0.345405
1861 1832 0.243090
1862 1833 0.191789
1863 2920 0.544539
1864 2921 0.457719
1865 1840 0.326599
1876 1835 0.369058
1879 1845 0.435337
1883 1851 0.406051
1889 1853 0.283455
1914 1862 0.156718
1924 1865 0.422540
1927 1872 0.376881
1928 1870 0.222870
1929 1871 0.275743
1938 3003 0.607948
1940 1874 0.405913
1942 1877 0.308720
1947 1879 0.144129
1948 1880 0.246522
1949 1878 0.412841
1954 1890 0.424933
1955 1891 0.219702
1959 1892 0.207182
1963 1898 0.278713
1964 1899 0.271593
1966 1906 0.437439
1967 1904 0.366841
1968 1905 0.464485
1971 3037 0.457222
1973 1909 0.316824
1974 1913 0.354936
1976 1910 0.414809
1978 1914 0.425154
1979 1915 0.324667
1985 1923 0.293957
1986 1924 0.293496
1990 1926 0.443721
1991 1927 0.252376
1999 1932 0.367173
2006 1933 0.396531
2007 3084 0.395225
2009 1937 0.470617
2015 1938 0.155567
2016 1939 0.213812
2017 1940 0.167761
2025 1943 0.233148
2029 1941 0.262032
2041 3120 0.672817
2042 3122 0.665816
2072 1980 0.614655
2073 1981 0.467855
2077 1982 0.355550
2078 1983 0.644487
2079 1986 0.476435
2085 3185 0.588254
2089 2001 0.285889
2090 2002 0.384093
2094 2003 0.566484
2096 2009 0.276780
2103 2015 0.219548
2111 2032 0.401104
2119 2049 0.523433
2127 1281 0.425565
2143 2079 0.621800
2147 2085 0.495537
2153 2098 0.267044
2155 2096 0.455965
2160 2107 0.376663
2162 2099 0.572680
2167 2120 0.456740
2170 1310 0.503973
2172 2121 0.381136
2173 2122 0.437109
2184 2131 0.610980
2185 2132 0.530467
2186 2135 0.428219
2302 2233 0.522225
2446 1508 0.433181
2464 2356 0.614944
2478 2376 0.349334
2485 1528 0.416117
2486 1529 0.353220
2488 2386 0.261438
2489 2387 0.503666
2492 2388 0.374201
2501 1531 0.692139
2509 2402 0.296688
2510 2403 0.331272
2536 1548 0.599890
2543 2421 0.468419
2577 2474 0.663579
2581 2476 0.683227
2596 2492 0.698364
2626 2503 0.467744
2673 2539 0.443692
2681 3972 0.651800
2708 2580 0.485370
2709 2567 0.520122
2711 2588 0.399120
2726 2555 0.654499
2737 1679 0.631501
2750 1683 0.535179
2754 2569 0.522423
2784 2634 0.554347
2785 2633 0.693309
2786 2648 0.408690
2796 1689 0.529258
2797 2655 0.216418
2799 2661 0.271807
2800 2642 0.374663
2803 2688 0.393291
2804 2660 0.403745
2809 2640 0.539913
2810 2641 0.382935
2813 2687 0.410263
2815 2657 0.594152
2842 2706 0.150374
2847 2721 0.535849
2849 2742 0.317318
2853 2737 0.391134
2855 2736 0.264480
2856 2731 0.687081
2857 2726 0.555462
2859 2733 0.284011
2860 2734 0.405514
2863 1746 0.519744
2864 2750 0.574148
2865 2751 0.454911
2866 2769 0.390169
2873 2761 0.180020
2876 2748 0.526440
2882 2788 0.341541
2884 2794 0.227975
2893 2805 0.455274
2894 2770 0.304788
2914 2821 0.286944
2915 2822 0.212916
2921 2809 0.313674
2928 2802 0.315343
2929 2803 0.270637
2932 2833 0.399240
2933 2834 0.669261
2940 2815 0.463696
2947 2812 0.277438
2948 2813 0.554139
2955 2841 0.462390
2957 2848 0.334869
2959 2838 0.212350
2962 2837 0.611465
2964 2865 0.347451
2966 1791 0.307874
2971 2880 0.399801
2974 2875 0.273899
2981 2863 0.365219
2982 2873 0.280155
2983 2888 0.229606
2990 2892 0.410064
2995 2907 0.332912
3000 1814 0.470396
3001 1815 0.415295
3009 2902 0.203494
3010 2904 0.180689
3011 2890 0.257641
3020 2926 0.536517
3024 2908 0.256647
3027 2931 0.285114
3029 2932 0.420507
3040 2910 0.452882
3041 2915 0.431387
3044 2913 0.647183
3069 2942 0.290449
3071 2940 0.248721
3082 2954 0.284732
3090 2952 0.252473
3091 2953 0.509941
3125 2991 0.322425
3134 3012 0.615146
3137 3009 0.320057
3147 1901 0.621458
3149 3026 0.457780
3151 3030 0.534602
3152 3034 0.508154
3166 3053 0.304822
3170 1921 0.622133
3171 3057 0.294218
3183 3059 0.622889
3190 3067 0.330315
3191 3068 0.611192
3197 3064 0.386341
3198 3065 0.266024
3203 3079 0.465262
3204 3075 0.416072
3205 3077 0.328052
3208 1931 0.422667
3214 3083 0.324641
3223 3088 0.344108
3226 3092 0.331485
3227 3095 0.364607
3229 3096 0.395100
3231 3099 0.261145
3288 3177 0.590092
3298 3186 0.679211
3313 3197 0.143674
3314 3198 0.240529
3318 3216 0.441502
3322 3230 0.354720
3323 3231 0.367923
3326 3237 0.661095
3356 2050 0.413382
3357 3268 0.494454
3358 3269 0.347012
3366 3276 0.616464
3372 3291 0.368549
3377 3296 0.376035
3383 3307 0.464022
3394 3312 0.597342
3414 3324 0.607413
3416 3327 0.402130
3427 3334 0.363947
3428 3331 0.655484
3477 3364 0.409342
3484 3361 0.362227
3485 3362 0.430419
3497 2143 0.609724
3510 3393 0.578064
3524 3383 0.527078
3840 3714 0.593265
3842 3711 0.676693
3850 3727 0.573780
3851 3728 0.509182
3869 2370 0.608248
3873 3741 0.435957
3874 3751 0.505675
3879 3756 0.380188
3889 2396 0.448563
3896 3768 0.452285
3900 2389 0.590755
3920 3742 0.433381
3922 3748 0.353566
4004 2475 0.669072
4005 2476 0.528996
4013 2473 0.476597
4014 3852 0.541434
4036 3896 0.373780
4045 3902 0.635925
4046 3903 0.546759
4069 3929 0.525678
4099 3914 0.675184
4103 3957 0.455047
4114 3971 0.636322
4126 3965 0.425665
4146 3987 0.402183
4169 4006 0.422618
4181 2574 0.443261
4182 2575 0.579127
4211 4031 0.558037
4245 4010 0.628194
4270 4052 0.358323
