259
15 14 0.489307
18 16 0.643083
24 73 0.615410
31 28 0.521362
32 29 0.386440
33 53 0.535480
35 32 0.429744
39 33 0.510844
42 34 0.312966
45 37 0.159044
48 38 0.322760
50 39 0.512071
51 42 0.225067
52 43 0.406011
53 44 0.322693
54 45 0.262896
56 91 0.655801
58 54 0.534975
60 59 0.434358
61 60 0.674988
63 65 0.559378
64 63 0.317008
65 64 0.250028
69 73 0.141852
75 118 0.273164
76 119 0.329332
78 81 0.352406
81 85 0.606028
82 86 0.256942
83 87 0.464961
91 94 0.641759
99 116 0.213777
103 120 0.198130
112 126 0.373165
117 225 0.627745
126 139 0.330868
129 253 0.467812
130 90 0.484294
131 91 0.504611
140 160 0.608273
142 161 0.563829
149 101 0.655353
167 201 0.324092
173 207 0.441535
175 213 0.295458
176 214 0.296935
180 372 0.416192
181 373 0.449609
187 227 0.428576
192 404 0.430034
193 237 0.643305
194 238 0.532088
195 245 0.375040
198 248 0.685592
200 254 0.601245
202 417 0.653160
203 264 0.563436
205 266 0.558948
207 269 0.443788
209 275 0.415513
210 284 0.405608
212 285 0.519584
215 167 0.496187
219 294 0.594300
220 295 0.298659
227 305 0.352485
244 353 0.338819
253 205 0.452132
257 357 0.230144
264 363 0.206657
268 368 0.264128
271 371 0.363620
275 377 0.276320
276 378 0.471373
278 383 0.514134
282 389 0.671506
285 574 0.577258
289 398 0.660493
292 405 0.451976
300 246 0.502838
301 604 0.368767
302 251 0.475629
308 413 0.618110
309 412 0.416010
316 626 0.536802
336 452 0.307190
339 460 0.601983
343 461 0.493924
358 471 0.592208
363 716 0.690569
366 478 0.585955
367 479 0.668473
370 724 0.667622
383 521 0.426767
399 528 0.165949
402 532 0.430464
408 535 0.555698
409 536 0.281820
410 537 0.395753
417 540 0.389876
420 847 0.332816
423 544 0.473738
438 560 0.590014
446 576 0.423929
449 391 0.681307
450 392 0.482016
452 578 0.667438
454 583 0.473829
457 582 0.402496
460 585 0.496902
463 590 0.660310
464 591 0.648495
478 614 0.689653
482 619 0.243022
483 620 0.306839
488 632 0.434899
493 428 0.538016
494 429 0.685766
504 653 0.567502
509 663 0.662823
516 453 0.553572
526 689 0.594898
539 697 0.453838
542 709 0.447360
543 477 0.559164
586 818 0.338815
592 821 0.274565
594 822 0.181828
595 824 0.354002
596 823 0.267114
598 826 0.164342
605 833 0.196566
611 535 0.614678
612 843 0.590491
615 840 0.227500
616 841 0.175791
617 842 0.195364
627 845 0.601537
635 848 0.541784
640 542 0.675748
643 853 0.262189
651 854 0.521846
655 859 0.511213
659 547 0.491150
668 878 0.503772
670 879 0.591202
673 1421 0.637045
684 886 0.444245
700 568 0.533338
712 920 0.659464
720 927 0.660419
721 936 0.595516
722 937 0.526431
741 958 0.526337
760 974 0.545079
769 983 0.535764
772 990 0.557394
775 993 0.509677
776 994 0.399595
781 991 0.615740
783 1001 0.653832
784 1002 0.496614
811 651 0.523144
812 652 0.556620
827 1070 0.634218
828 1071 0.492903
836 1093 0.658284
841 673 0.617465
848 1099 0.580615
858 694 0.525623
859 1136 0.594118
873 711 0.599608
874 1728 0.630798
926 1332 0.206245
929 1333 0.160209
956 1343 0.245588
963 2077 0.343787
964 2078 0.457786
965 1348 0.495640
969 1350 0.228402
974 1359 0.626040
996 1382 0.331106
1002 1387 0.284331
1005 1388 0.257171
1009 2126 0.415511
1010 2127 0.584714
1032 1402 0.448287
1036 1417 0.398201
1065 1450 0.591444
1077 897 0.597991
1093 1465 0.634031
1150 1519 0.414624
1159 970 0.400843
1162 1540 0.488543
1167 1535 0.542968
1168 1547 0.662669
1175 2354 0.645127
1177 1543 0.529336
1178 1544 0.642170
1188 1564 0.667892
1189 1568 0.557821
1213 2394 0.654834
1216 1030 0.580521
1217 1031 0.596334
1222 1595 0.448296
1227 1600 0.674288
1234 1050 0.432415
1235 1051 0.352851
1253 1638 0.575195
1268 1642 0.460128
1293 1693 0.601950
1310 1141 0.470063
1325 1718 0.672310
1348 1169 0.688666
1349 1170 0.628363
1354 1778 0.573407
1381 1193 0.556097
1383 1188 0.586508
1394 1818 0.656778
1400 1825 0.404068
1408 1996 0.622541
1409 1997 0.687513
1416 2044 0.492387
1418 2045 0.293002
1426 2046 0.489047
1428 2047 0.270057
1442 2048 0.433434
1446 2049 0.320623
1453 2050 0.253042
1454 2051 0.239395
1463 2055 0.596885
1476 2056 0.270522
1480 1337 0.375115
1481 2060 0.284868
1484 2067 0.182513
1487 1344 0.580566
1488 1345 0.420046
1489 2073 0.523169
1492 2080 0.436626
1498 2086 0.238528
1511 2094 0.251184
1516 2097 0.351960
1519 2099 0.655770
1525 2110 0.386304
1535 2116 0.370962
1537 2118 0.628121
1538 2119 0.446193
1603 2157 0.653347
1604 2166 0.684242
1622 2174 0.627942
1642 2194 0.672762
1711 2257 0.592336
1799 2386 0.665526
1869 1626 0.405602
1877 2468 0.638773
1921 2509 0.651304
1928 1662 0.671396
2018 2629 0.643791
2026 1759 0.493288
