657
4 5 0.531121
12 10 0.326167
14 11 0.386355
18 15 0.212958
22 17 0.234080
23 18 0.243156
25 19 0.654944
29 20 0.326883
30 21 0.257066
41 31 0.263615
57 35 0.169203
58 36 0.177527
62 41 0.250070
63 48 0.296879
64 89 0.585306
67 52 0.255267
68 55 0.229174
73 61 0.233745
85 71 0.576955
95 80 0.203840
105 142 0.412361
106 92 0.168196
107 95 0.480463
113 96 0.215992
116 98 0.527488
119 172 0.277410
129 72 0.459017
130 111 0.675607
145 117 0.196887
148 122 0.470531
149 125 0.230901
150 127 0.217453
151 128 0.152047
154 230 0.551620
157 134 0.325226
158 135 0.337563
162 138 0.186428
164 140 0.217889
165 141 0.204567
166 145 0.283887
169 152 0.585909
171 154 0.290676
172 155 0.367625
178 163 0.193816
179 164 0.125067
181 99 0.395068
182 100 0.485297
183 296 0.408585
184 168 0.170776
185 169 0.245293
190 176 0.611007
197 178 0.490562
208 183 0.538700
209 320 0.687938
220 185 0.264396
221 186 0.267129
225 189 0.426526
226 191 0.179619
228 192 0.159760
229 190 0.278068
232 193 0.458223
234 194 0.293294
237 349 0.333715
238 199 0.137538
239 200 0.141714
255 208 0.626612
259 211 0.240206
260 212 0.338835
264 216 0.266324
265 217 0.157824
268 219 0.332341
273 230 0.175504
274 232 0.567905
275 233 0.275576
277 396 0.431249
278 234 0.120994
279 235 0.206101
281 242 0.390572
282 243 0.205257
283 241 0.159798
286 247 0.258926
287 250 0.370157
293 260 0.210408
294 262 0.274158
295 263 0.314600
297 268 0.492794
299 267 0.301105
301 270 0.582479
302 273 0.304301
304 279 0.642756
306 281 0.318920
307 282 0.211197
313 165 0.439460
314 288 0.504234
315 287 0.207997
320 298 0.616879
322 168 0.319274
330 177 0.686378
345 311 0.391016
354 489 0.516225
370 324 0.499233
371 325 0.212711
372 326 0.456010
382 327 0.348349
383 328 0.308686
385 188 0.368025
386 329 0.269712
387 330 0.424576
388 332 0.430163
389 331 0.301977
390 333 0.390660
391 334 0.279639
392 335 0.368094
393 337 0.360357
394 338 0.187324
397 510 0.487985
398 342 0.233717
399 515 0.462699
400 344 0.134466
403 345 0.152684
405 348 0.238511
421 354 0.148125
423 355 0.402113
429 362 0.139418
434 364 0.169095
435 365 0.166144
436 366 0.211568
438 367 0.265027
446 374 0.198511
454 381 0.133037
456 221 0.515977
459 386 0.326010
461 395 0.213926
465 595 0.621757
468 403 0.233615
472 408 0.329492
477 258 0.576099
481 415 0.488985
482 621 0.642873
489 631 0.338492
490 422 0.235019
492 419 0.504476
493 420 0.492742
494 423 0.321488
496 426 0.487122
498 638 0.618256
499 431 0.251021
500 433 0.445741
508 437 0.273931
510 436 0.511903
511 278 0.604347
512 442 0.471062
515 648 0.690173
521 445 0.303091
534 454 0.380489
535 451 0.227683
537 457 0.342480
573 491 0.672617
583 489 0.540294
602 495 0.212734
604 496 0.695004
606 498 0.227804
609 499 0.374060
616 501 0.448589
617 502 0.402859
618 503 0.427664
619 504 0.306742
622 506 0.196475
630 508 0.338335
631 507 0.459520
634 772 0.593273
637 509 0.507382
642 511 0.227409
645 514 0.341730
651 519 0.269491
670 523 0.458207
675 524 0.179088
676 525 0.302734
681 526 0.308865
703 545 0.263590
704 546 0.465916
709 375 0.633401
711 376 0.468697
714 551 0.673920
715 552 0.414517
721 555 0.384330
722 557 0.284233
726 558 0.493704
728 561 0.554241
729 562 0.325743
732 565 0.415800
733 566 0.380920
734 567 0.486587
735 570 0.352428
737 573 0.453965
740 394 0.460273
742 908 0.375217
751 592 0.251190
752 593 0.313130
753 596 0.662989
754 597 0.234230
756 598 0.358150
758 601 0.609365
760 599 0.530154
761 607 0.413702
763 602 0.321122
765 606 0.617921
770 610 0.206652
780 622 0.451897
781 623 0.389390
785 618 0.513607
786 635 0.352495
794 634 0.356012
797 640 0.511606
799 998 0.655908
802 430 0.424584
820 645 0.652439
824 1059 0.692076
833 657 0.255070
835 656 0.696990
837 658 0.498083
844 671 0.456732
855 455 0.691165
860 684 0.347497
862 675 0.352115
868 680 0.493264
878 696 0.427036
879 703 0.610461
888 707 0.689461
889 472 0.515134
890 1152 0.530758
957 737 0.256425
960 739 0.338592
961 740 0.194375
966 741 0.386556
980 745 0.239037
982 746 0.325706
987 748 0.187701
988 750 0.325723
995 753 0.241064
996 754 0.292050
997 752 0.442807
999 757 0.248169
1000 758 0.301400
1002 760 0.320203
1006 762 0.168224
1008 761 0.200658
1009 505 0.401571
1013 765 0.493553
1014 766 0.362448
1016 764 0.286252
1018 770 0.477771
1025 771 0.642097
1026 1259 0.562933
1029 776 0.284437
1030 779 0.257889
1031 780 0.311302
1032 781 0.374471
1033 777 0.186663
1034 778 0.385674
1035 782 0.161556
1036 783 0.280198
1039 784 0.359603
1040 785 0.261572
1041 786 0.221837
1044 789 0.131694
1049 1286 0.457538
1052 790 0.330217
1055 794 0.247307
1056 1292 0.391788
1057 1289 0.563625
1059 798 0.180408
1062 799 0.179499
1063 800 0.246360
1064 797 0.611858
1066 801 0.261440
1067 802 0.181959
1074 1313 0.499169
1075 806 0.376694
1078 808 0.458901
1079 809 0.494981
1080 811 0.277811
1081 1318 0.408441
1082 814 0.453150
1083 815 0.344511
1109 819 0.087576
1113 828 0.373590
1116 830 0.248462
1118 831 0.526518
1119 832 0.442236
1124 837 0.284229
1126 839 0.291788
1153 863 0.466046
1174 1442 0.599990
1175 1443 0.589511
1179 889 0.304297
1180 890 0.233849
1185 892 0.584795
1187 899 0.393706
1188 913 0.694067
1189 903 0.601201
1190 904 0.397181
1192 906 0.491729
1194 913 0.480399
1195 1475 0.659572
1197 919 0.400322
1202 918 0.274106
1203 924 0.250623
1204 929 0.288156
1205 925 0.230685
1206 922 0.343730
1207 931 0.419564
1211 923 0.425093
1213 594 0.627905
1215 934 0.282706
1216 935 0.151930
1223 1493 0.668179
1225 939 0.527691
1229 952 0.393440
1230 953 0.402849
1248 967 0.278554
1249 962 0.365283
1277 988 0.258733
1278 989 0.260881
1282 1006 0.352166
1287 1010 0.372948
1288 1009 0.428506
1293 1017 0.368636
1296 1018 0.503873
1297 1019 0.535173
1298 1020 0.177416
1317 1047 0.371609
1323 655 0.620314
1328 1055 0.214952
1330 1063 0.694552
1331 664 0.529239
1333 1067 0.531116
1336 1074 0.376673
1338 670 0.674414
1339 659 0.624789
1340 1090 0.539255
1352 1100 0.487004
1353 1083 0.273395
1354 1084 0.245068
1362 1107 0.680451
1368 1108 0.651639
1377 1104 0.591585
1381 1688 0.280116
1383 1111 0.664698
1396 1126 0.342676
1401 1133 0.602509
1406 1134 0.278037
1423 1727 0.610296
1427 1158 0.376939
1448 1180 0.668004
1452 1761 0.610987
1526 1200 0.475198
1531 1201 0.325670
1538 1206 0.563943
1543 1212 0.339411
1548 1211 0.270306
1549 1209 0.347569
1550 1207 0.232769
1551 1208 0.343412
1553 1210 0.431020
1554 1215 0.341913
1555 1216 0.267610
1559 744 0.526333
1560 1213 0.263011
1561 1214 0.225214
1562 1217 0.157289
1565 1857 0.629416
1569 1220 0.348308
1570 1221 0.312248
1573 1873 0.394020
1578 1222 0.250675
1581 1234 0.509823
1582 1235 0.475389
1587 747 0.690900
1588 1230 0.222736
1589 1231 0.294329
1600 1229 0.404421
1603 1894 0.604340
1604 1897 0.371993
1607 1244 0.518886
1610 1909 0.500758
1613 1908 0.301155
1614 1240 0.185334
1616 1242 0.560080
1619 755 0.352128
1624 1921 0.620023
1631 1246 0.556972
1632 1247 0.480868
1639 1250 0.316738
1648 1253 0.491457
1651 1251 0.388037
1655 1260 0.321812
1658 1266 0.252532
1661 1256 0.435460
1673 1262 0.260468
1674 1263 0.312419
1675 1264 0.656667
1677 1278 0.229643
1680 1967 0.607166
1681 1279 0.276565
1686 1281 0.152918
1688 1976 0.521035
1691 1285 0.515467
1692 1287 0.129802
1693 1985 0.455655
1699 1293 0.191357
1714 1296 0.607488
1715 1299 0.330977
1716 805 0.450580
1718 1304 0.381658
1721 1306 0.657114
1730 1317 0.597250
1734 1319 0.513257
1739 1324 0.422814
1740 1325 0.435618
1742 1327 0.181728
1776 817 0.419882
1785 1338 0.429903
1789 1346 0.177808
1792 1347 0.306696
1803 1351 0.336354
1805 1354 0.401620
1806 1353 0.392527
1811 1361 0.254029
1816 1380 0.247034
1817 1381 0.430517
1818 1383 0.486154
1819 1384 0.597022
1822 1390 0.436346
1825 2137 0.580178
1842 1409 0.141727
1843 1410 0.096948
1845 1414 0.445494
1848 1419 0.442896
1856 1418 0.461428
1859 1427 0.379709
1860 1428 0.257041
1866 1429 0.417389
1871 1441 0.549042
1892 1463 0.244502
1906 1474 0.253911
1911 1472 0.528650
1920 933 0.400988
1925 2235 0.522660
1930 1484 0.584615
1932 2247 0.573097
1938 1487 0.305539
1939 944 0.582461
1944 1499 0.416430
1949 1496 0.435648
1951 2280 0.581252
1960 1507 0.388663
1962 1512 0.272082
1963 1513 0.350852
1972 1523 0.338984
1974 963 0.511468
1981 966 0.693211
2000 2335 0.512622
2003 984 0.649745
2005 986 0.514288
2012 1561 0.631962
2015 1552 0.589551
2018 1567 0.285767
2024 1007 0.457624
2026 1573 0.354158
2029 1571 0.494990
2031 1569 0.457067
2047 1021 0.514089
2069 1604 0.433920
2070 1605 0.334158
2074 1617 0.645252
2099 1629 0.201395
2114 1631 0.233797
2115 1632 0.405113
2116 1066 0.471499
2127 1639 0.427854
2130 1656 0.437783
2131 2503 0.434923
2152 2520 0.546281
2173 2542 0.332806
2174 1678 0.392218
2182 1686 0.270987
2186 1121 0.696884
2190 1694 0.353734
2197 1703 0.543759
2202 1696 0.261508
2206 2572 0.479202
2207 2573 0.339772
2229 1717 0.457922
2241 1722 0.342939
2256 1748 0.654201
2286 1772 0.681074
2305 1792 0.668973
2310 2682 0.647539
2407 1833 0.403329
2409 1202 0.465637
2414 1834 0.229492
2420 1836 0.337712
2422 1835 0.499883
2423 1837 0.670828
2430 1839 0.537006
2432 2234 0.476109
2434 1849 0.625452
2438 1855 0.507353
2439 1856 0.434286
2441 1858 0.223861
2442 1859 0.371284
2452 1863 0.339426
2453 1865 0.299624
2468 1869 0.282619
2469 1870 0.180667
2470 1874 0.449901
2478 1885 0.365368
2480 1875 0.423861
2484 1878 0.498588
2490 1877 0.287877
2499 1239 0.586801
2500 1899 0.544237
2501 1895 0.387021
2511 1896 0.194337
2514 1891 0.573001
2515 1892 0.261254
2518 1900 0.279091
2520 1916 0.333817
2521 1917 0.513834
2530 1904 0.468032
2540 1922 0.617267
2544 1929 0.395120
2551 1927 0.304521
2552 1928 0.342976
2553 1925 0.360101
2554 1926 0.390537
2562 1932 0.592072
2568 1936 0.547755
2569 1937 0.460227
2578 1939 0.661882
2579 1938 0.474408
2580 1924 0.551102
2583 1940 0.597571
2585 1931 0.256716
2595 1952 0.507178
2599 1950 0.213580
2600 1951 0.568707
2601 1963 0.329643
2602 1944 0.424007
2606 1948 0.541868
2607 1949 0.414521
2610 1945 0.322462
2618 1964 0.554677
2621 1261 0.419839
2624 1954 0.346025
2625 1955 0.415235
2631 1965 0.519376
2635 1270 0.572611
2648 1968 0.221384
2652 1971 0.426694
2653 1972 0.421815
2654 1973 0.499122
2655 1974 0.399951
2656 1283 0.368881
2657 1977 0.442830
2682 1998 0.208091
2683 1999 0.283522
2686 2006 0.385708
2687 2007 0.579548
2688 2002 0.249109
2689 2003 0.240868
2694 2010 0.516535
2695 2015 0.690027
2706 1311 0.568756
2708 2025 0.261051
2711 2034 0.469815
2713 2028 0.541201
2718 2035 0.284503
2722 1320 0.484228
2723 1321 0.415168
2742 2039 0.485024
2743 2040 0.376889
2752 1328 0.336452
2800 2052 0.217501
2818 2064 0.646641
2821 1340 0.508076
2824 2075 0.516259
2832 2089 0.222625
2838 2090 0.337355
2845 2094 0.669365
2846 2096 0.376797
2875 2129 0.463799
2890 1406 0.570326
2897 2162 0.388837
2904 2160 0.597525
2933 2179 0.490356
2947 2200 0.482089
2954 2202 0.509329
2965 2214 0.366001
2966 2215 0.363377
2997 2264 0.506682
3024 2278 0.380865
3025 2279 0.456567
3027 2286 0.469299
3028 2273 0.355942
3032 2291 0.277385
3033 2292 0.422941
3039 2293 0.364037
3040 2294 0.491321
3047 2310 0.605520
3050 2308 0.635417
3053 2320 0.431206
3063 2331 0.283144
3066 2332 0.526405
3070 2330 0.422728
3091 2346 0.604971
3092 2353 0.584324
3119 2385 0.305906
3136 1580 0.545744
3139 2407 0.643554
3146 1581 0.630175
3149 2409 0.428409
3152 2399 0.606863
3159 1597 0.647711
3160 2402 0.515103
3161 2403 0.624571
3162 2404 0.555732
3172 2418 0.482983
3174 2419 0.346105
3205 2438 0.599072
3227 2453 0.610431
3240 2454 0.615185
3244 2481 0.454088
3245 2463 0.328952
3246 2464 0.326277
3263 2505 0.548135
3264 2498 0.456087
3273 2491 0.380516
3274 2483 0.569710
3278 2495 0.382498
3293 2502 0.403627
3320 2546 0.421567
3334 2527 0.589385
3338 2536 0.482371
3341 2537 0.333688
3356 2544 0.294384
3360 2552 0.476350
3387 1715 0.678169
3432 2603 0.543425
3463 2616 0.457727
3496 2641 0.604776
3504 2669 0.423836
3511 2675 0.668055
3518 1770 0.693840
3547 2686 0.531135
3549 2705 0.501533
