555
7 9 0.411670
11 27 0.436954
12 15 0.427348
15 18 0.365688
17 23 0.157857
21 13 0.388360
36 35 0.217957
40 37 0.121595
41 38 0.137996
55 52 0.665914
57 53 0.245450
73 60 0.440135
79 69 0.574197
81 73 0.674555
84 75 0.666638
85 76 0.673043
94 50 0.410437
99 89 0.383073
106 166 0.347810
107 56 0.471952
113 108 0.493339
114 109 0.312520
115 110 0.434484
128 121 0.647556
129 122 0.493170
138 143 0.476767
141 224 0.543644
142 83 0.643911
145 153 0.601784
147 156 0.332306
152 164 0.182571
164 277 0.507413
167 170 0.322389
168 173 0.428840
194 197 0.675520
204 210 0.438065
215 366 0.588528
221 220 0.664455
227 407 0.316955
231 145 0.426863
239 238 0.295815
240 239 0.160501
241 240 0.137768
242 241 0.192445
243 242 0.178711
248 247 0.225192
249 248 0.314186
250 249 0.340718
255 254 0.222036
264 456 0.459392
265 259 0.085726
266 458 0.537874
267 262 0.512337
285 472 0.544444
290 278 0.199948
291 279 0.229568
294 280 0.190274
301 290 0.340304
309 506 0.645802
322 311 0.673889
386 363 0.697216
390 361 0.439742
391 362 0.356290
392 368 0.491666
396 366 0.294851
398 608 0.495280
405 393 0.626291
406 395 0.304603
407 396 0.413963
410 401 0.148008
417 410 0.259346
425 415 0.240746
427 420 0.186963
428 421 0.252654
429 423 0.381827
431 425 0.361435
432 428 0.287074
433 429 0.244877
440 434 0.469392
441 440 0.149039
443 442 0.216913
449 732 0.674491
455 453 0.574505
456 454 0.545420
462 463 0.095806
469 767 0.534463
482 476 0.216707
483 480 0.212589
488 483 0.357346
489 485 0.351884
493 486 0.361305
495 491 0.398914
504 502 0.313937
542 546 0.387067
544 911 0.588498
545 340 0.637178
548 557 0.567838
549 562 0.434483
574 581 0.637190
578 958 0.496508
586 593 0.696722
594 975 0.518478
604 603 0.322016
605 604 0.276006
608 376 0.647102
610 623 0.518310
618 633 0.242276
619 634 0.559009
620 632 0.225738
622 636 0.408796
625 394 0.377355
626 635 0.348344
627 642 0.261238
628 643 0.369994
629 397 0.354923
645 1062 0.374766
646 409 0.617104
653 660 0.415042
654 663 0.400885
658 664 0.341743
661 1104 0.389343
662 1105 0.411776
663 669 0.431258
664 1109 0.588377
665 1110 0.463268
668 1122 0.401567
670 422 0.360603
673 680 0.243526
678 427 0.467482
679 681 0.404436
680 1142 0.487160
681 689 0.281950
682 688 0.161267
683 691 0.183394
687 700 0.293898
690 702 0.214760
695 1182 0.466272
698 705 0.360126
700 707 0.369503
701 708 0.429108
707 714 0.167533
725 741 0.509755
735 748 0.274003
738 753 0.382025
742 754 0.407847
743 755 0.116856
745 760 0.155175
746 761 0.132898
750 764 0.345046
752 765 0.504507
753 766 0.346992
782 799 0.216208
785 807 0.519905
797 820 0.244192
804 846 0.536321
888 901 0.399646
913 934 0.652310
916 924 0.645572
919 929 0.493513
948 1603 0.522414
972 1631 0.552651
979 599 0.358640
989 1673 0.578942
990 1674 0.665376
1015 1012 0.475142
1027 1038 0.416111
1030 1738 0.670514
1031 1037 0.333532
1033 1042 0.151175
1034 1041 0.356278
1041 1045 0.374557
1047 401 0.528341
1053 1776 0.579839
1056 1775 0.432033
1058 1067 0.394802
1060 1068 0.212177
1061 1061 0.277609
1062 1059 0.478333
1065 1069 0.324466
1066 1070 0.337783
1068 1060 0.289582
1071 1073 0.231091
1072 1076 0.362188
1078 1072 0.251483
1086 1086 0.338200
1087 1078 0.220841
1088 1079 0.216897
1090 1089 0.674816
1091 1077 0.221283
1098 1087 0.143211
1101 1092 0.175660
1102 1093 0.220518
1105 1091 0.440279
1108 1090 0.164513
1109 1097 0.232560
1110 1111 0.190631
1111 1102 0.262393
1112 1103 0.440156
1113 1120 0.174172
1114 1117 0.246050
1115 1106 0.183106
1120 1121 0.152101
1122 1126 0.570673
1123 1127 0.674764
1124 1119 0.428223
1132 1137 0.273978
1135 1145 0.162238
1136 1146 0.429586
1139 1154 0.223870
1141 1160 0.225206
1142 1158 0.279978
1145 1162 0.191414
1149 1166 0.265195
1150 1169 0.265839
1159 1173 0.209539
1164 1174 0.414980
1165 1175 0.244296
1167 1179 0.269876
1170 1183 0.396637
1171 1188 0.374167
1173 1187 0.176937
1179 1194 0.207397
1181 1196 0.275902
1185 1204 0.572071
1186 1205 0.501534
1192 1210 0.254242
1207 1229 0.372222
1208 1230 0.377949
1218 1244 0.638676
1229 1249 0.464349
1231 1252 0.566546
1238 1254 0.685292
1241 754 0.473115
1243 1259 0.239122
1245 1261 0.115650
1246 1263 0.209501
1253 1265 0.220435
1255 1266 0.183427
1256 1267 0.139555
1278 1285 0.320939
1279 1286 0.275189
1281 2127 0.444082
1291 1303 0.403483
1295 1306 0.319873
1299 1319 0.304273
1301 1328 0.584012
1310 2170 0.524469
1312 1333 0.552098
1313 816 0.550970
1324 2195 0.591537
1325 1339 0.460428
1333 1345 0.579227
1345 1355 0.698918
1508 2446 0.485870
1528 2485 0.472062
1529 2486 0.387024
1548 2536 0.614331
1576 1599 0.575349
1596 1623 0.358953
1610 1645 0.648155
1656 1677 0.508161
1679 2737 0.694464
1683 2750 0.519706
1689 2796 0.543213
1690 1730 0.557067
1692 1729 0.474955
1693 1737 0.377794
1694 1724 0.163761
1695 1726 0.376321
1698 1745 0.177940
1700 1742 0.242157
1701 1743 0.216270
1702 1740 0.347499
1707 1727 0.499097
1709 1046 0.292300
1710 1728 0.559139
1711 1747 0.155875
1712 1739 0.404694
1717 1736 0.457411
1720 1759 0.698402
1738 1773 0.570633
1739 1774 0.496189
1746 2863 0.598999
1747 1772 0.378356
1748 1770 0.280758
1764 1790 0.449540
1771 1813 0.221223
1772 1083 0.424139
1773 1084 0.373730
1776 1809 0.270584
1777 1810 0.349519
1782 1815 0.210534
1783 1804 0.213722
1785 1822 0.330709
1791 2966 0.302165
1796 1833 0.416664
1814 3000 0.464770
1815 3001 0.448872
1816 1836 0.351510
1817 1850 0.224348
1818 1853 0.311576
1825 1858 0.335225
1829 1860 0.328840
1832 1861 0.260401
1833 1862 0.212107
1835 1876 0.428851
1840 1865 0.306510
1845 1879 0.453796
1851 1883 0.392819
1853 1889 0.265283
1862 1914 0.159153
1865 1924 0.404102
1870 1928 0.230117
1871 1929 0.272206
1872 1927 0.338024
1874 1940 0.392376
1877 1942 0.305646
1878 1949 0.362811
1879 1947 0.154510
1880 1948 0.241762
1890 1954 0.412403
1891 1955 0.207445
1892 1959 0.193129
1898 1963 0.283878
1899 1964 0.288923
1901 3147 0.586994
1904 1967 0.341216
1905 1968 0.424184
1906 1966 0.473091
1909 1973 0.310708
1910 1976 0.428516
1913 1974 0.343192
1914 1978 0.417607
1915 1979 0.324094
1920 1191 0.541641
1921 3170 0.594350
1923 1985 0.315215
1924 1986 0.316946
1926 1990 0.441612
1927 1991 0.247741
1931 3208 0.410336
1932 1999 0.362816
1933 2006 0.348366
1937 2009 0.487302
1938 2015 0.159581
1939 2016 0.209460
1940 2017 0.204716
1941 2029 0.316637
1943 2025 0.250732
1954 2043 0.595826
1979 1246 0.688414
1980 2072 0.676943
1981 2073 0.578556
1982 2077 0.318859
1986 2079 0.506995
2001 2089 0.342668
2002 2090 0.374083
2003 2094 0.656516
2009 2096 0.296909
2015 2103 0.239568
2032 2111 0.356082
2049 2119 0.601428
2050 3356 0.483295
2079 2143 0.672026
2085 2147 0.520407
2096 2155 0.447995
2098 2153 0.243114
2099 2162 0.556589
2107 2160 0.401306
2113 1329 0.625214
2120 2167 0.472615
2121 2172 0.350971
2122 2173 0.452041
2131 2184 0.609592
2132 2185 0.572663
2135 2186 0.447258
2143 3497 0.632900
2166 3530 0.630225
2233 2302 0.464601
2356 2464 0.684953
2376 2478 0.337742
2386 2488 0.258112
2387 2489 0.512044
2388 2492 0.355140
2389 3900 0.615753
2396 3889 0.448618
2402 2509 0.323700
2403 2510 0.332503
2421 2543 0.544690
2473 4013 0.511162
2503 2626 0.407086
2539 2673 0.621470
2555 2726 0.578254
2567 2709 0.644751
2568 2753 0.693011
2569 2754 0.538785
2574 4181 0.468913
2575 4182 0.520974
2580 2708 0.506781
2588 2711 0.418102
2634 2784 0.568586
2640 2809 0.481850
2641 2810 0.368238
2642 2800 0.393988
2648 2786 0.391455
2655 2797 0.688149
2657 2815 0.599626
2660 2804 0.391382
2661 2799 0.290692
2678 1746 0.384157
2679 1732 0.283622
2680 1733 0.401774
2682 1741 0.383574
2687 2813 0.374410
2688 2803 0.515287
2706 2842 0.183212
2721 2847 0.503752
2726 2857 0.494565
2729 1777 0.506470
2731 2856 0.659389
2733 2859 0.277706
2734 2860 0.429021
2736 2855 0.275540
2737 2853 0.391848
2742 2849 0.302062
2748 2876 0.529978
2750 2864 0.560714
2751 2865 0.487183
2756 1780 0.581069
2761 2873 0.185663
2769 2866 0.411073
2770 2894 0.311339
2788 2882 0.381597
2794 2884 0.242660
2802 2928 0.329123
2803 2929 0.252178
2805 2893 0.497993
2809 2921 0.319659
2812 2947 0.300648
2813 2948 0.587529
2815 2940 0.450203
2821 2914 0.321389
2822 2915 0.257411
2833 2932 0.379842
2834 2933 0.561218
2837 2962 0.590235
2838 2959 0.180448
2841 2955 0.478830
2848 2957 0.393036
2863 2981 0.383175
2865 2964 0.356473
2873 2982 0.283196
2875 2974 0.274718
2880 2971 0.395670
2888 2983 0.230002
2889 1844 0.469480
2890 3011 0.258926
2892 2990 0.434618
2900 1852 0.455990
2901 1845 0.457486
2902 3009 0.210591
2904 3010 0.156345
2907 2995 0.338595
2908 3024 0.258605
2910 3040 0.503703
2913 3044 0.617740
2915 3041 0.457154
2920 1863 0.547128
2921 1864 0.456316
2926 3020 0.525168
2931 3027 0.282235
2932 3029 0.395753
2940 3071 0.251076
2942 3069 0.296072
2952 3090 0.219028
2953 3091 0.410844
2954 3082 0.300157
2991 3125 0.299011
3003 1938 0.575105
3009 3137 0.380567
3012 3134 0.629734
3026 3149 0.448506
3030 3151 0.565526
3034 3152 0.452957
3037 1971 0.460307
3053 3166 0.328271
3057 3171 0.303145
3059 3183 0.615536
3064 3197 0.407961
3065 3198 0.262302
3067 3190 0.360000
3068 3191 0.551917
3075 3204 0.389977
3077 3205 0.331799
3079 3203 0.468244
3083 3214 0.340558
3084 2007 0.383877
3088 3223 0.391570
3092 3226 0.333625
3095 3227 0.378054
3096 3229 0.471427
3099 3231 0.252241
3122 2042 0.602616
3177 3288 0.547170
3185 2085 0.646555
3186 3298 0.679054
3197 3313 0.163720
3198 3314 0.232535
3216 3318 0.418720
3230 3322 0.368829
3231 3323 0.404862
3237 3326 0.649183
3268 3357 0.533697
3269 3358 0.323913
3276 3366 0.656886
3291 3372 0.399133
3296 3377 0.327809
3307 3383 0.488440
3312 3394 0.600033
3324 3414 0.649960
3327 3416 0.472206
3331 3428 0.617186
3334 3427 0.346899
3345 3441 0.664269
3361 3484 0.272579
3362 3485 0.353856
3364 3477 0.439674
3383 3524 0.612067
3393 3510 0.637753
3403 3530 0.452248
3446 3587 0.671695
3711 3842 0.666091
3714 3840 0.670393
3727 3850 0.583894
3728 3851 0.522885
3741 3873 0.429797
3742 3920 0.399407
3748 3922 0.345554
3751 3874 0.499559
3756 3879 0.435526
3768 3896 0.429108
3852 4014 0.546142
3896 4036 0.379048
3903 4046 0.596088
3914 4099 0.661800
3929 4069 0.597435
3957 4103 0.569533
3965 4126 0.423388
3971 4114 0.635509
3972 2681 0.598573
3987 4146 0.424181
4006 4169 0.428028
4009 4244 0.618171
4031 4211 0.505503
4052 4270 0.330058
