626
7 8 0.544462
8 9 0.671185
17 16 0.119790
21 23 0.433786
24 24 0.587342
26 26 0.390794
27 29 0.549184
28 31 0.426388
32 37 0.379095
33 38 0.212344
37 44 0.488764
38 45 0.590695
45 50 0.476561
46 53 0.696791
47 54 0.609009
48 30 0.239474
49 32 0.290142
50 33 0.358746
51 58 0.280327
54 63 0.266740
79 89 0.371645
82 91 0.665736
84 52 0.631598
86 136 0.514117
87 97 0.278512
88 96 0.424346
90 98 0.334355
91 100 0.237900
93 105 0.463936
97 109 0.441578
100 69 0.640262
101 110 0.417029
102 111 0.372112
103 112 0.343511
109 119 0.345484
112 125 0.207504
115 126 0.635430
123 225 0.669658
124 140 0.269035
125 233 0.506338
131 148 0.243481
136 150 0.326337
142 159 0.274669
144 160 0.479776
161 170 0.636223
174 184 0.356698
177 186 0.296906
188 131 0.667362
202 209 0.470210
203 134 0.579641
214 222 0.558371
215 412 0.457847
216 226 0.247899
217 233 0.288355
218 229 0.157539
223 235 0.228737
224 236 0.649926
227 238 0.413747
230 237 0.201239
235 245 0.160099
236 246 0.270107
240 247 0.188382
241 251 0.355788
242 252 0.341813
243 453 0.697818
244 259 0.506474
245 262 0.374007
248 156 0.533907
250 269 0.344641
251 270 0.287211
252 273 0.346277
253 274 0.176964
256 276 0.342315
258 279 0.126058
263 281 0.133839
266 283 0.481533
272 296 0.301551
280 303 0.328404
285 306 0.198728
289 311 0.485472
292 314 0.299564
303 337 0.293283
317 358 0.247914
319 361 0.507390
331 373 0.594652
335 389 0.441548
336 381 0.631885
338 382 0.499059
339 383 0.404938
347 395 0.407591
348 400 0.306418
349 394 0.454520
357 632 0.345692
359 224 0.375108
361 413 0.256547
362 414 0.165071
363 418 0.172111
364 647 0.589093
365 415 0.383635
366 416 0.408845
374 230 0.493501
375 2653 0.680505
379 421 0.376800
380 422 0.170617
381 424 0.205189
395 436 0.130978
396 437 0.123647
404 696 0.373812
406 704 0.660258
413 733 0.484613
414 457 0.277884
415 458 0.406648
416 459 0.220449
418 736 0.452903
420 464 0.536307
422 467 0.057061
430 471 0.306263
431 472 0.444047
432 473 0.442636
433 474 0.443972
440 475 0.229561
441 476 0.432997
445 282 0.608340
451 481 0.664577
452 286 0.470834
453 287 0.279701
458 484 0.109602
462 788 0.541162
464 494 0.299535
466 496 0.227538
467 497 0.302265
470 307 0.381877
471 308 0.428607
475 316 0.672154
505 522 0.504472
519 532 0.122945
520 533 0.260551
545 558 0.204612
548 570 0.303564
578 611 0.329949
580 609 0.507466
591 630 0.320632
592 631 0.614458
593 633 0.393797
594 1044 0.494492
595 634 0.312969
596 638 0.229461
597 643 0.347682
603 650 0.506134
605 655 0.347285
608 1094 0.356718
610 659 0.276406
612 656 0.324497
613 657 0.473272
614 667 0.201032
623 671 0.551727
624 674 0.167956
625 672 0.288706
628 676 0.153326
629 677 0.263899
643 688 0.455151
644 689 0.269756
650 1180 0.602128
652 705 0.397187
654 708 0.517420
655 1197 0.418186
657 711 0.311756
666 723 0.280179
667 1225 0.429676
672 744 0.326759
678 463 0.421257
680 747 0.108037
685 754 0.143215
686 756 0.523496
687 757 0.646273
688 758 0.125304
691 759 0.102395
698 761 0.377498
701 477 0.293423
707 766 0.240002
712 1274 0.323271
713 768 0.536121
716 773 0.248637
718 774 0.452919
720 777 0.643900
731 779 0.552405
739 784 0.250051
743 790 0.189694
744 791 0.183912
750 794 0.266870
757 801 0.261482
759 800 0.376969
771 805 0.305082
772 806 0.311045
773 808 0.266450
774 809 0.346518
775 1337 0.621956
779 812 0.679390
782 817 0.535069
795 828 0.687783
809 848 0.621821
826 529 0.621043
828 874 0.248500
848 894 0.420736
849 892 0.552395
852 902 0.515272
859 905 0.328418
873 934 0.694170
885 969 0.527222
891 959 0.569887
898 982 0.594620
899 983 0.459777
906 974 0.526857
907 975 0.438335
909 993 0.360466
910 987 0.400723
911 988 0.543616
918 992 0.435960
923 1010 0.635876
925 1018 0.476065
927 1021 0.542700
929 615 0.468744
936 1023 0.470475
938 1035 0.323086
942 1038 0.221303
943 1036 0.476948
944 1044 0.279204
945 1046 0.076749
946 1042 0.223097
947 1043 0.336872
948 1047 0.204330
949 1045 0.194802
950 635 0.647869
952 1048 0.356597
953 1049 0.243280
954 1052 0.197966
956 1059 0.107241
959 1077 0.257879
962 1759 0.498019
964 1073 0.516228
965 1074 0.528019
967 1075 0.237168
968 1079 0.125141
969 1076 0.244104
972 1094 0.203678
976 1084 0.290518
977 1085 0.142784
978 1081 0.358559
979 1082 0.524970
984 1093 0.236569
986 1095 0.323189
998 1106 0.329348
1004 1117 0.183732
1007 1118 0.288639
1011 1121 0.236074
1012 1836 0.507239
1015 1128 0.484600
1020 1140 0.354936
1022 1137 0.254667
1023 1138 0.254685
1028 1861 0.560856
1037 1154 0.313089
1038 1155 0.268603
1045 1157 0.285236
1046 1158 0.340256
1050 1160 0.469222
1054 689 0.513073
1060 1885 0.597846
1061 1886 0.528313
1070 1174 0.223054
1071 1175 0.298236
1072 1177 0.245119
1077 1178 0.324732
1085 1194 0.201091
1086 1197 0.576928
1089 1202 0.438325
1090 1203 0.481822
1092 1204 0.519328
1093 1205 0.324094
1094 1209 0.671928
1095 1206 0.338532
1097 1215 0.501378
1098 1214 0.585518
1104 1984 0.452180
1106 1237 0.327010
1107 1236 0.486508
1110 1244 0.147241
1117 1251 0.226210
1129 1258 0.235386
1139 1263 0.150521
1140 1264 0.095451
1143 1266 0.218080
1145 1265 0.424027
1150 1273 0.126113
1151 1274 0.130366
1159 1280 0.529911
1162 1284 0.313242
1164 1288 0.268567
1165 1289 0.433927
1169 1286 0.490589
1173 2065 0.550410
1177 1290 0.357417
1182 1293 0.319830
1184 1297 0.242182
1193 2109 0.480448
1201 1308 0.166423
1208 1314 0.316955
1209 1315 0.312475
1212 1316 0.209351
1218 1321 0.210047
1220 1317 0.572275
1222 1322 0.203985
1227 2148 0.396134
1228 1334 0.229571
1240 1335 0.529056
1246 1346 0.383822
1247 1347 0.306359
1251 1341 0.480674
1253 1351 0.375078
1257 1353 0.560640
1258 1354 0.508236
1260 1357 0.582667
1262 1365 0.479917
1314 2286 0.663318
1315 1449 0.616429
1324 1469 0.383131
1325 874 0.371635
1337 1485 0.393735
1346 1494 0.451888
1350 1506 0.683408
1392 1566 0.545810
1395 1572 0.323248
1397 1571 0.532158
1412 2491 0.656487
1420 2466 0.533568
1421 1606 0.683948
1432 1589 0.642619
1436 982 0.479820
1443 1601 0.645502
1444 1602 0.577665
1446 1635 0.637958
1459 1646 0.644491
1460 993 0.369934
1463 1650 0.443897
1473 1664 0.344497
1475 1645 0.356408
1476 1018 0.395583
1487 2566 0.686634
1488 2578 0.620417
1498 2664 0.344302
1501 2683 0.538291
1502 1708 0.298753
1503 1718 0.276929
1505 1723 0.380561
1506 2689 0.356388
1508 1725 0.391831
1509 1722 0.227369
1510 1716 0.279038
1513 1720 0.453143
1514 1721 0.325283
1515 1713 0.360600
1516 1714 0.313042
1517 1715 0.309973
1518 1731 0.516458
1521 1733 0.376818
1522 1734 0.268619
1523 1754 0.442557
1527 1737 0.559582
1528 1756 0.426962
1532 1750 0.366262
1533 1751 0.291647
1534 1758 0.227672
1535 1752 0.314601
1536 1749 0.322192
1545 1760 0.262507
1556 1770 0.237588
1557 1765 0.470169
1571 1779 0.698334
1576 1780 0.333217
1577 1781 0.326025
1580 1788 0.441099
1583 1792 0.187196
1594 1103 0.309630
1595 1802 0.198090
1597 1107 0.475074
1599 1789 0.599660
1606 1797 0.322597
1612 2870 0.611191
1615 1803 0.360365
1623 1819 0.328076
1625 1822 0.367382
1628 1826 0.292009
1629 1828 0.205046
1633 1809 0.406592
1634 1810 0.174415
1642 1830 0.275455
1643 1831 0.184358
1644 1843 0.500977
1645 1844 0.389537
1646 1848 0.241683
1649 1842 0.232318
1650 1837 0.417246
1652 1131 0.419312
1653 1852 0.238601
1654 1850 0.267434
1657 1857 0.299874
1660 1847 0.295923
1664 1855 0.411841
1670 1143 0.519103
1671 1144 0.503598
1685 1153 0.631651
1694 1873 0.221330
1702 1883 0.476012
1703 1889 0.375429
1704 1893 0.358944
1705 1894 0.302072
1710 1896 0.416461
1711 1897 0.670528
1717 1168 0.616676
1725 3055 0.592677
1728 1928 0.526455
1729 1925 0.499111
1733 1930 0.129945
1744 1190 0.657150
1745 1191 0.667963
1747 1948 0.597437
1751 1950 0.491072
1754 1952 0.534030
1755 1953 0.544987
1766 3144 0.515462
1778 1990 0.480864
1782 1996 0.288747
1788 2010 0.151726
1794 2016 0.168027
1795 2017 0.168380
1796 2019 0.397784
1798 3220 0.606886
1800 2020 0.460442
1801 2021 0.227070
1802 2022 0.686205
1807 2030 0.621677
1820 2035 0.242853
1824 2040 0.283049
1827 2041 0.422700
1837 2047 0.166792
1852 2055 0.174883
1855 2056 0.265956
1863 2062 0.226514
1872 2060 0.457155
1873 2059 0.421122
1874 2065 0.308306
1875 2066 0.186665
1876 2071 0.309960
1877 2072 0.367084
1881 2074 0.471835
1883 2078 0.269383
1885 2082 0.383889
1886 2083 0.230468
1889 2084 0.657385
1891 1298 0.605326
1904 3337 0.671528
1907 2108 0.258726
1917 2115 0.538866
1918 2124 0.294839
1924 2128 0.283063
1937 2139 0.281717
1950 2151 0.280734
1965 2165 0.453566
1967 2169 0.245587
1968 2170 0.196585
1970 3405 0.669626
1984 2188 0.511029
2042 1419 0.680530
2054 2261 0.493509
2071 2283 0.522396
2151 1517 0.688941
2164 2371 0.448479
2168 2393 0.351506
2223 2458 0.410078
2232 2446 0.686104
2233 2447 0.634758
2260 2523 0.638306
2267 2493 0.670285
2271 2528 0.405930
2303 1002 0.652677
2307 2545 0.402850
2312 2592 0.325285
2319 2576 0.646777
2323 4008 0.537041
2330 2594 0.539168
2338 2598 0.484383
2339 2596 0.682916
2340 2604 0.598131
2341 2615 0.563178
2350 2671 0.459406
2351 2672 0.454224
2358 2673 0.276130
2362 2681 0.523483
2363 2691 0.356834
2364 2698 0.423004
2367 2677 0.632565
2369 2699 0.361118
2372 2703 0.180902
2379 1728 0.269452
2380 1729 0.289286
2381 2708 0.636076
2385 1730 0.554079
2386 2695 0.564277
2388 2711 0.301899
2389 2713 0.260896
2390 1732 0.533994
2396 2717 0.271255
2397 1736 0.476689
2399 1740 0.474406
2400 1743 0.347897
2401 2727 0.546454
2406 2743 0.447493
2408 2747 0.263277
2418 2753 0.368932
2425 1759 0.672339
2427 2775 0.388513
2428 2776 0.601830
2429 2772 0.322838
2432 2760 0.558151
2433 2783 0.228065
2435 2795 0.468208
2440 2792 0.198942
2446 1761 0.461611
2447 1762 0.667828
2466 2817 0.236569
2474 2819 0.448036
2476 2695 0.577177
2482 2800 0.627669
2483 2801 0.554413
2486 2814 0.570671
2491 2846 0.683721
2493 2832 0.583552
2497 2831 0.672412
2524 2859 0.699859
2525 2861 0.355999
2527 1805 0.634505
2529 2855 0.305866
2537 2862 0.407982
2555 2882 0.299567
2570 2905 0.478824
2574 2927 0.268256
2575 2928 0.482893
2587 2936 0.612645
2592 2929 0.604515
2613 2951 0.478284
2617 2941 0.585342
2622 2959 0.532602
2623 2960 0.450009
2626 2968 0.490555
2627 2969 0.396571
2628 2970 0.410035
2629 2956 0.659168
2633 2957 0.425110
2634 2958 0.275498
2642 2965 0.473479
2650 2975 0.408243
2651 2990 0.304218
2684 3014 0.430364
2685 3015 0.349110
2691 3024 0.380392
2692 3025 0.338069
2697 3036 0.694733
2721 3074 0.273326
2732 3078 0.473404
2736 3086 0.277707
2739 3093 0.223146
2744 3094 0.281088
2748 3097 0.349087
2751 3102 0.364598
2756 3108 0.680226
2757 3111 0.511189
2765 3123 0.598835
2766 3124 0.578636
2775 3146 0.606778
2788 3161 0.386968
2789 3157 0.585531
2798 3176 0.663788
2809 3190 0.215111
2812 2000 0.314022
2813 3191 0.239976
2814 3192 0.466697
2816 2005 0.346355
2817 2006 0.363758
2822 3203 0.188414
2830 3218 0.487503
2839 3224 0.245400
2860 2034 0.360044
2879 3248 0.584037
2885 3252 0.260755
2888 3264 0.359398
2893 3263 0.544934
2894 3266 0.397399
2910 2053 0.617236
2912 3277 0.504347
2913 3278 0.649377
2921 2058 0.628812
2926 3290 0.265181
2928 3297 0.170546
2937 3304 0.384899
2977 3351 0.495636
2993 2140 0.393522
2994 2141 0.467502
3002 3369 0.345414
3046 3411 0.476995
3102 3484 0.668508
3109 3478 0.665100
3236 2298 0.398487
3247 3647 0.438192
3396 2442 0.601500
3430 3846 0.568233
3447 3840 0.544123
3448 3897 0.500362
3495 3885 0.550806
3505 3915 0.468205
3506 3916 0.454565
3537 3947 0.696317
3562 2573 0.595442
3582 2586 0.656990
3584 4032 0.478256
3587 4021 0.514266
3592 2618 0.419347
