270
14 15 0.498543
16 18 0.681044
28 31 0.482339
29 32 0.431509
30 58 0.504877
32 35 0.441501
33 39 0.521986
34 42 0.405512
37 45 0.146408
38 48 0.324719
39 50 0.526045
42 51 0.216255
43 52 0.384102
44 53 0.386185
45 54 0.258796
53 33 0.509519
54 58 0.290246
59 60 0.401591
60 61 0.630278
63 64 0.330221
64 65 0.289700
65 63 0.580134
73 69 0.235053
81 78 0.339195
85 81 0.569116
86 82 0.252996
87 83 0.471464
90 130 0.439303
91 131 0.675199
94 91 0.544914
101 149 0.573842
116 99 0.191477
118 75 0.333603
119 76 0.319544
120 103 0.191613
126 112 0.351069
129 186 0.458169
130 187 0.685597
139 126 0.326670
150 204 0.635499
160 140 0.599618
161 142 0.537290
167 215 0.570795
201 167 0.192552
205 253 0.490649
207 173 0.452297
213 175 0.300876
214 176 0.295247
225 117 0.554791
226 186 0.311107
227 187 0.285319
238 194 0.514247
245 195 0.386292
246 300 0.515359
248 198 0.691548
251 302 0.460251
253 129 0.541799
254 200 0.663549
264 203 0.462404
265 204 0.637098
266 205 0.399210
269 207 0.431133
275 209 0.386272
284 210 0.393744
285 212 0.508364
294 219 0.465636
295 220 0.296542
305 227 0.318438
352 167 0.685375
353 244 0.324473
357 257 0.203223
363 264 0.204128
368 268 0.257931
371 271 0.362838
372 180 0.391287
373 181 0.398456
377 275 0.274843
378 276 0.422118
383 278 0.540627
385 444 0.675305
391 449 0.680837
392 450 0.521331
398 289 0.673467
404 192 0.483641
405 292 0.373298
412 309 0.391083
413 308 0.580856
417 202 0.659381
428 493 0.458907
429 494 0.637652
452 336 0.312019
453 516 0.550221
460 339 0.543783
461 343 0.548726
471 358 0.625819
477 543 0.575731
478 366 0.519075
479 367 0.686859
521 383 0.503648
522 586 0.298438
527 394 0.665243
528 399 0.164640
532 402 0.368202
536 409 0.302606
537 410 0.414204
540 417 0.398111
542 640 0.679308
544 423 0.542637
547 659 0.477763
560 438 0.680340
568 700 0.555612
574 285 0.546095
576 446 0.409754
577 910 0.593682
578 452 0.597577
582 457 0.447445
583 454 0.514918
585 460 0.494257
587 718 0.627577
590 463 0.569919
591 464 0.542936
604 301 0.351539
619 482 0.237194
620 483 0.336009
626 316 0.599942
632 488 0.431937
651 811 0.501951
652 812 0.542779
653 504 0.570625
663 509 0.674529
673 841 0.563760
674 842 0.653418
689 526 0.564694
694 858 0.433986
697 539 0.395100
709 542 0.384238
711 873 0.600793
724 370 0.653511
818 586 0.098510
821 592 0.261852
822 594 0.188572
823 596 0.287818
824 595 0.328436
826 598 0.162860
833 605 0.196981
840 615 0.250217
841 616 0.166527
842 617 0.184158
843 612 0.568197
845 627 0.540379
847 420 0.391245
848 635 0.497844
853 643 0.287350
854 651 0.609698
859 655 0.496667
878 668 0.508290
879 670 0.597874
886 684 0.446264
897 1077 0.578631
919 910 0.610784
920 712 0.653506
927 720 0.584067
928 718 0.586953
936 721 0.566054
937 722 0.491314
954 1149 0.658863
958 741 0.473357
970 1159 0.369365
974 760 0.553371
983 769 0.565685
990 772 0.500119
991 781 0.551176
993 775 0.520004
994 776 0.435493
1001 783 0.681707
1002 784 0.498607
1030 1216 0.476522
1031 1217 0.566553
1050 1234 0.448506
1051 1235 0.340827
1070 827 0.441100
1071 828 0.527510
1093 836 0.571324
1099 848 0.531386
1136 859 0.676315
1141 1310 0.450617
1169 1348 0.659951
1170 1349 0.619163
1188 1383 0.538640
1193 1381 0.598097
1331 575 0.678459
1332 926 0.193532
1333 929 0.188667
1337 1480 0.354645
1343 956 0.252017
1344 1487 0.551216
1345 1488 0.408809
1348 965 0.491020
1350 969 0.220037
1359 974 0.686517
1382 996 0.341607
1387 1002 0.337990
1388 1005 0.325050
1402 1032 0.458077
1417 1036 0.373986
1421 673 0.588297
1450 1065 0.554099
1461 1088 0.642791
1465 1093 0.568685
1481 1691 0.658363
1519 1150 0.392488
1535 1167 0.560521
1540 1162 0.419125
1543 1177 0.493453
1544 1178 0.671765
1547 1168 0.688591
1564 1188 0.563804
1568 1189 0.594811
1595 1222 0.477264
1600 1227 0.688393
1626 1869 0.433138
1638 1253 0.600111
1642 1268 0.460865
1693 1293 0.630189
1728 874 0.651046
1759 2026 0.537949
1766 2027 0.660707
1778 1354 0.534529
1811 2059 0.611116
1818 1394 0.581096
1819 1395 0.671646
1825 1400 0.427677
1996 1408 0.499341
1997 1409 0.586526
2042 910 0.408320
2043 910 0.281799
2044 1416 0.436295
2045 1418 0.286088
2046 1426 0.490334
2047 1428 0.269480
2048 1442 0.445572
2049 1446 0.333367
2050 1453 0.250697
2051 1454 0.244306
2055 1463 0.614607
2056 1476 0.268379
2060 1481 0.273736
2067 1484 0.171473
2073 1489 0.469828
2077 963 0.360229
2078 964 0.476141
2080 1492 0.415152
2086 1498 0.233091
2094 1511 0.255694
2097 1516 0.314361
2099 1519 0.685318
2110 1525 0.508374
2116 1535 0.391483
2118 1537 0.574214
2119 1538 0.433181
2126 1009 0.449248
2127 1010 0.521009
2157 1603 0.670832
2174 1622 0.607724
2257 1711 0.486972
2354 1175 0.624258
2381 1800 0.690326
2386 1799 0.672657
2468 1877 0.639016
2739 2059 0.524221
