682
60 868 0.783828
66 101 0.582194
71 36 0.788202
81 108 0.656193
83 68 0.682499
104 805 0.721683
105 79 0.491886
123 358 0.767367
127 67 0.568890
128 99 0.770272
129 241 0.789503
130 784 0.663245
141 213 0.744742
166 118 0.522285
190 171 0.593511
201 328 0.779829
206 2456 0.555975
220 169 0.523208
221 170 0.780773
241 2435 0.799697
242 838 0.740076
253 761 0.682274
255 1749 0.636514
274 238 0.718454
275 355 0.408960
278 3712 0.733194
285 819 0.731072
289 266 0.684618
293 4567 0.793059
298 4360 0.748847
303 71 0.599698
342 264 0.625953
345 2462 0.726311
353 2568 0.725167
361 2472 0.773136
362 320 0.531737
365 391 0.691573
378 210 0.787583
403 389 0.367798
411 423 0.658952
412 441 0.463865
423 413 0.461824
424 494 0.653271
435 481 0.414016
437 4208 0.787869
439 2113 0.772184
459 1695 0.755530
475 505 0.697530
481 471 0.767489
502 4208 0.749181
511 2329 0.680753
516 607 0.592854
519 3704 0.796251
567 69 0.798140
569 328 0.785628
583 301 0.725822
586 135 0.798448
598 595 0.376320
604 1268 0.783651
632 2496 0.755999
665 2702 0.749225
686 692 0.795130
764 752 0.779244
790 3912 0.777642
807 2611 0.795349
810 170 0.792076
846 2425 0.714318
848 92 0.774328
855 2838 0.775689
884 820 0.665353
891 834 0.754748
892 308 0.794198
944 2070 0.796014
958 878 0.782440
961 628 0.727115
980 2134 0.680592
986 4370 0.754341
1104 2275 0.791898
1113 2474 0.712792
1153 1497 0.778622
1183 2388 0.582860
1184 2031 0.767850
1194 3384 0.799014
1207 1150 0.687257
1301 544 0.700406
1322 1607 0.728649
1324 361 0.794686
1325 4019 0.525075
1341 1348 0.607604
1351 317 0.790028
1362 1365 0.610360
1365 3443 0.776864
1436 1431 0.733409
1443 1023 0.475582
1464 29 0.753022
1472 2673 0.789003
1506 2053 0.574852
1547 2679 0.766591
1562 2901 0.733604
1564 4289 0.689757
1571 2710 0.672656
1578 3443 0.718285
1589 1424 0.732650
1592 1068 0.737929
1611 3511 0.784220
1619 1611 0.658961
1621 3085 0.756675
1636 2053 0.616485
1648 2114 0.726589
1666 1416 0.743507
1686 1608 0.766106
1690 1500 0.752077
1721 1887 0.768032
1771 687 0.771692
1788 4622 0.687268
1805 4433 0.755162
1827 2367 0.705570
1861 265 0.791495
1864 544 0.789660
1897 1876 0.725461
1903 226 0.733196
1906 1897 0.715887
1912 879 0.663915
1945 4019 0.754879
1961 394 0.710986
1965 989 0.761055
1969 2046 0.606565
1999 2113 0.791221
2003 1963 0.714346
2009 185 0.775736
2010 192 0.780966
2039 2054 0.483723
2042 2223 0.735673
2048 1876 0.777403
2049 2344 0.777116
2067 3139 0.736248
2073 2120 0.742745
2078 1579 0.758106
2082 2102 0.790719
2084 2429 0.775736
2094 4610 0.740450
2109 1768 0.638340
2113 3815 0.790390
2115 3519 0.759541
2119 2222 0.706929
2129 2174 0.651931
2130 2244 0.695100
2141 700 0.794677
2143 1003 0.580241
2151 2224 0.785300
2161 1176 0.797755
2163 580 0.792622
2166 2223 0.642956
2167 2232 0.594599
2175 1749 0.669710
2187 2247 0.559938
2194 3435 0.799262
2207 2273 0.584240
2213 2252 0.798239
2214 2278 0.676052
2215 2279 0.579816
2218 2288 0.705808
2229 2301 0.696676
2236 2287 0.567760
2246 2298 0.679489
2247 2321 0.423134
2253 2307 0.596158
2256 2230 0.616435
2265 2297 0.760610
2269 2320 0.585877
2273 2319 0.531334
2274 2337 0.410206
2278 2335 0.635859
2279 2336 0.617215
2284 2334 0.470324
2301 2341 0.744867
2303 2359 0.641106
2304 2360 0.757308
2305 192 0.432805
2307 2366 0.520083
2310 2267 0.748100
2313 2365 0.737654
2315 2380 0.507008
2320 2379 0.441447
2321 2392 0.457929
2323 2389 0.466883
2324 2390 0.622866
2325 2391 0.327822
2326 2397 0.418979
2331 2396 0.381924
2333 2402 0.630888
2335 2403 0.475071
2346 2419 0.577645
2349 2431 0.589948
2350 2425 0.526466
2360 2448 0.792476
2363 2457 0.716975
2364 961 0.743773
2369 2462 0.608754
2384 2478 0.699845
2390 2489 0.473788
2394 1760 0.797074
2396 2488 0.527791
2404 2498 0.751118
2406 2515 0.760094
2409 2503 0.533884
2415 2510 0.649903
2422 2517 0.635951
2425 868 0.756178
2428 216 0.736841
2433 1273 0.782578
2435 2524 0.530043
2452 99 0.712724
2455 4519 0.762169
2458 211 0.740824
2470 2568 0.627379
2474 2573 0.580761
2476 2579 0.492002
2480 2578 0.644160
2485 2586 0.627887
2489 2599 0.733266
2491 2601 0.688729
2495 2801 0.698112
2505 2609 0.481340
2506 2605 0.612388
2510 2610 0.747120
2515 2619 0.707887
2517 2616 0.416561
2518 2621 0.559764
2527 2628 0.549831
2534 4186 0.755612
2535 2636 0.399662
2536 2637 0.617858
2538 2638 0.645534
2546 2640 0.755691
2548 2648 0.702887
2553 4238 0.780794
2559 113 0.786280
2562 2649 0.543220
2577 246 0.718698
2586 2630 0.723032
2594 2697 0.629059
2595 2623 0.683391
2596 819 0.665261
2602 2716 0.799096
2616 2707 0.469258
2624 2679 0.733838
2626 2735 0.781480
2627 2736 0.783069
2628 577 0.778576
2657 2652 0.757002
2658 2662 0.742610
2692 2716 0.757933
2699 2797 0.788674
2708 2799 0.548736
2711 2801 0.750931
2712 1696 0.761576
2713 2827 0.778793
2723 3148 0.773266
2724 3047 0.740658
2733 2836 0.586736
2734 2830 0.551016
2735 2831 0.539105
2736 2832 0.703531
2737 1408 0.685522
2739 2625 0.761274
2745 2840 0.657234
2746 1385 0.340852
2762 2804 0.708188
2778 3906 0.761485
2779 1436 0.790516
2781 2740 0.719186
2789 2818 0.750679
2820 2667 0.748684
2844 2610 0.794183
2848 4391 0.744037
2858 4430 0.799731
2862 594 0.739072
2874 3792 0.614238
2886 2901 0.766834
2906 2901 0.649771
2911 3015 0.778810
2924 3008 0.762001
2933 3009 0.709946
2943 3025 0.786448
2950 3049 0.376015
2953 2739 0.789394
2956 127 0.727586
2962 3034 0.504754
2967 3069 0.209139
2977 3070 0.662752
2978 3071 0.682641
2979 3061 0.524055
2985 1669 0.796694
2988 3072 0.627182
2996 3078 0.730914
3004 3110 0.653064
3005 3102 0.627815
3006 3093 0.574337
3007 3086 0.625548
3013 3103 0.718299
3023 3123 0.245070
3024 3776 0.653031
3029 3140 0.343266
3042 3111 0.321622
3043 3112 0.398537
3045 3105 0.756274
3059 3150 0.285359
3061 3057 0.772368
3067 2297 0.790516
3082 3189 0.682126
3083 3172 0.600276
3085 3166 0.570986
3087 3154 0.410302
3093 3173 0.215447
3094 3174 0.763847
3096 3421 0.724026
3098 2498 0.790612
3102 3204 0.474016
3104 3175 0.527933
3115 3224 0.422063
3116 3182 0.420737
3117 3176 0.435915
3126 3205 0.446476
3132 1581 0.712973
3134 3245 0.571006
3137 3226 0.405306
3140 3190 0.318428
3158 3261 0.500544
3159 3246 0.552946
3165 3270 0.710913
3166 3253 0.223167
3167 3229 0.564247
3179 3247 0.560046
3180 3238 0.688316
3184 3280 0.581870
3185 3271 0.711046
3186 3254 0.456162
3192 3273 0.227397
3193 3274 0.587358
3199 3303 0.614411
3200 3282 0.799787
3209 72 0.790336
3224 3304 0.257986
3233 3332 0.580140
3235 3324 0.724538
3243 3314 0.270782
3245 3306 0.559965
3260 3360 0.719671
3264 3315 0.427012
3271 3361 0.528664
3273 3344 0.629199
3274 3316 0.598007
3288 3326 0.684181
3289 3085 0.744131
3296 3353 0.419488
3313 3379 0.322896
3314 3443 0.674979
3315 769 0.754926
3321 3380 0.435123
3323 3368 0.319967
3328 3412 0.529422
3329 3405 0.385748
3337 3413 0.258953
3339 3400 0.689715
3340 3382 0.704505
3351 3398 0.724488
3354 3401 0.796962
3372 3436 0.439367
3374 3414 0.707086
3383 3455 0.456519
3384 3456 0.796462
3385 3437 0.359180
3393 3438 0.658263
3394 3429 0.745534
3395 3415 0.650195
3403 3430 0.666074
3404 3712 0.480682
3416 3500 0.602134
3417 2721 0.795560
3419 2016 0.776729
3420 3443 0.710919
3429 3465 0.748054
3431 3448 0.347837
3436 3489 0.690520
3437 3479 0.464508
3438 3480 0.692235
3441 3518 0.491716
3442 3481 0.665641
3452 3519 0.471820
3454 3472 0.610278
3471 3529 0.627600
3472 3520 0.771402
3483 1762 0.737381
3492 3561 0.607797
3493 3522 0.725657
3498 3562 0.546355
3512 3549 0.650031
3529 3591 0.404174
3536 2388 0.522178
3543 3622 0.344234
3566 3624 0.615911
3567 3625 0.482958
3569 3549 0.772583
3570 3724 0.663571
3575 3641 0.467525
3576 3626 0.396283
3586 3659 0.697985
3589 3593 0.695941
3596 3642 0.431547
3603 3661 0.526097
3604 3634 0.612891
3607 2371 0.737662
3609 3671 0.476230
3610 3648 0.503433
3611 3649 0.719339
3614 3616 0.494658
3615 3617 0.685387
3618 4081 0.753853
3623 1059 0.710838
3625 3679 0.727000
3627 3698 0.756935
3628 3643 0.528500
3630 4612 0.771982
3633 3663 0.439832
3644 3715 0.632358
3646 3688 0.304396
3647 3681 0.729419
3651 3704 0.603099
3657 3729 0.587156
3658 3721 0.452997
3659 3705 0.550846
3664 380 0.788603
3668 3755 0.507865
3678 1376 0.701677
3687 3722 0.592101
3692 3777 0.465775
3694 3756 0.694051
3695 3716 0.759137
3700 3757 0.443505
3701 3758 0.627188
3702 3749 0.360393
3703 3743 0.786829
3711 3763 0.325577
3712 3759 0.469895
3720 4446 0.790881
3721 3730 0.475305
3724 3821 0.730282
3725 3822 0.558502
3730 3802 0.502123
3737 3823 0.427444
3738 3809 0.236175
3745 3803 0.774142
3761 3855 0.595728
3763 3810 0.464442
3772 3794 0.646101
3779 3811 0.548284
3780 3806 0.261857
3781 3795 0.769361
3782 2694 0.310423
3791 3865 0.254538
3796 3866 0.587443
3807 3868 0.576722
3808 3836 0.503782
3817 3888 0.680757
3835 3870 0.500485
3845 3935 0.764868
3847 3905 0.751682
3848 3896 0.409455
3853 3925 0.347557
3854 3906 0.509507
3857 3875 0.513372
3866 3962 0.333435
3878 3926 0.752255
3880 3085 0.633699
3886 3989 0.455486
3894 3980 0.530605
3895 3915 0.571770
3903 3974 0.722400
3915 3916 0.597879
3923 4035 0.753067
3924 4006 0.436301
3926 3965 0.685128
3927 3952 0.520032
3933 4021 0.638756
3934 3997 0.371264
3935 3982 0.505461
3936 3953 0.346606
3937 3954 0.374276
3938 3946 0.612904
3953 3955 0.315780
3959 3317 0.783821
3967 4028 0.540764
3968 3998 0.725928
3975 521 0.778281
3977 4066 0.644717
3987 4039 0.325941
3988 4029 0.594214
3993 4068 0.616088
3995 4022 0.613995
4005 4096 0.567719
4017 4103 0.638527
4018 4097 0.631230
4019 4076 0.463874
4020 4070 0.415129
4023 4023 0.484389
4030 4141 0.778558
4031 4071 0.385636
4032 4061 0.690735
4040 4133 0.540714
4049 4124 0.268548
4053 1311 0.788252
4056 167 0.589104
4059 301 0.767378
4068 4126 0.567977
4069 4072 0.547333
4074 4182 0.589393
4075 4104 0.375866
4076 4099 0.542635
4080 4162 0.439291
4081 4134 0.663500
4085 2278 0.783632
4091 4187 0.392405
4103 2779 0.788927
4106 4277 0.711225
4113 4163 0.738518
4114 4136 0.500590
4122 4220 0.425410
4135 4200 0.378907
4144 4158 0.668559
4147 4159 0.752460
4155 4242 0.531987
4157 4231 0.585005
4167 4244 0.436548
4170 4170 0.292822
4176 4206 0.362974
4184 4172 0.653574
4190 4245 0.433352
4192 4207 0.407512
4193 4190 0.524441
4204 4224 0.469340
4208 4284 0.402599
4209 4269 0.473071
4211 4208 0.351454
4215 608 0.725956
4221 3922 0.798608
4222 4293 0.789228
4223 4247 0.479334
4230 4240 0.435355
4231 4203 0.510274
4242 4277 0.557194
4248 4236 0.656806
4259 4278 0.530510
4260 4256 0.599396
4263 4237 0.527332
4270 2351 0.736868
4277 54 0.759477
4282 4343 0.636211
4283 4330 0.487382
4285 4306 0.471491
4286 4303 0.432575
4290 4317 0.462596
4291 4318 0.703969
4292 4295 0.397167
4293 4289 0.478309
4301 4296 0.747199
4310 4363 0.640208
4313 4279 0.684549
4322 4271 0.673396
4323 332 0.738198
4325 4351 0.716723
4326 4297 0.722718
4330 1644 0.713364
4334 4371 0.517932
4335 4338 0.537016
4337 4290 0.333673
4338 1003 0.773252
4342 4357 0.452695
4344 4323 0.406520
4352 4380 0.570911
4354 4375 0.797740
4356 4358 0.460574
4364 4377 0.641945
4365 4352 0.580390
4372 4353 0.698794
4373 4344 0.649493
4374 4335 0.455304
4375 4324 0.440791
4378 475 0.786098
4382 4382 0.653973
4391 278 0.791992
4393 4410 0.323288
4394 4383 0.612162
4395 4372 0.615233
4401 4396 0.296432
4403 4368 0.686315
4404 4354 0.758971
4405 4345 0.637269
4421 4413 0.591133
4427 231 0.796953
4431 4389 0.655716
4453 4405 0.477435
4460 2005 0.768185
4464 4401 0.334654
4465 4391 0.713946
4468 4369 0.744020
4472 4424 0.529003
4476 879 0.774811
4478 4415 0.473080
4485 4425 0.394439
4486 4416 0.411060
4487 4403 0.745837
4488 4398 0.576001
4520 4420 0.779217
4522 4393 0.528654
4524 2809 0.795854
4526 1325 0.697980
4538 35 0.778482
4541 4443 0.701543
4550 4478 0.647905
4551 4473 0.509606
4563 4489 0.649805
4596 4393 0.701683
4606 2834 0.669312
4615 4479 0.650441
4637 4504 0.748186
4657 2636 0.785063
4662 4334 0.736888
4666 4496 0.721353
4671 4513 0.723007
4672 4520 0.747263
4674 4527 0.532977
4677 4517 0.669003
4678 4551 0.705379
4682 4559 0.643017
4692 4545 0.603865
4693 4552 0.639624
4701 4546 0.665163
4702 4535 0.734008
4713 4573 0.682029
4714 4569 0.704447
4717 4585 0.546359
4723 4652 0.702242
4724 4610 0.612698
4725 3123 0.775586
4728 4600 0.690983
4734 4613 0.683864
4737 4611 0.451715
4741 4609 0.533008
4744 4513 0.748598
4746 4583 0.794352
4749 4513 0.711407
4757 577 0.723379
4761 4633 0.592413
4765 4645 0.335743
4767 4618 0.696613
4788 4641 0.776019
4790 4592 0.439937
4818 4519 0.756265
4821 2393 0.642802
4822 2365 0.790188
4823 4600 0.693259
4828 4548 0.679562
4830 2751 0.748835
4874 4536 0.781888
4887 4667 0.664351
4889 4668 0.795979
4891 4668 0.638423
4893 4671 0.762337
4894 2799 0.790539
4901 4676 0.661304
4905 4672 0.700897
4908 4676 0.788474
4911 4685 0.787952
4912 4681 0.664396
4917 4696 0.555583
4918 4707 0.482228
4922 4697 0.696767
4923 4697 0.768080
4926 4710 0.734639
4928 4707 0.339269
4929 4711 0.000000
