283
6 5 0.661046
10 2 0.697753
22 15 0.596919
27 30 0.340147
28 31 0.348275
29 33 0.636511
48 47 0.614443
50 53 0.202983
57 63 0.293158
76 85 0.607201
77 88 0.304873
84 90 0.477981
86 93 0.297445
87 66 0.606929
88 96 0.366256
90 97 0.381923
93 100 0.511606
94 104 0.449631
107 130 0.330022
112 147 0.185644
113 148 0.370169
114 149 0.287771
122 150 0.320857
124 155 0.627040
130 100 0.597740
133 164 0.546643
151 188 0.693761
159 196 0.609431
164 210 0.654477
169 212 0.632340
173 223 0.406551
175 230 0.150086
176 233 0.282526
189 246 0.407532
191 249 0.375689
226 289 0.593714
252 336 0.339651
256 205 0.671242
271 376 0.421971
274 617 0.324235
275 384 0.364794
276 385 0.213385
277 388 0.167176
278 389 0.120007
279 392 0.276932
280 393 0.158230
281 394 0.174762
282 395 0.133805
283 396 0.420205
284 397 0.201473
285 398 0.167618
325 445 0.477366
414 532 0.458949
417 538 0.348880
418 539 0.378642
425 543 0.529608
430 890 0.618839
436 570 0.615140
437 571 0.515500
451 949 0.404345
452 602 0.536231
453 603 0.256382
454 607 0.313137
455 608 0.458615
456 616 0.181211
457 610 0.264814
459 612 0.329325
460 620 0.256756
461 622 0.448976
462 628 0.431253
463 621 0.366519
465 637 0.369570
466 383 0.471977
467 635 0.179822
468 632 0.345735
472 640 0.123250
473 642 0.156358
476 646 0.426251
477 648 0.174017
478 652 0.494380
479 653 0.398216
495 661 0.266380
500 670 0.237800
523 696 0.330388
547 729 0.595907
682 567 0.586263
700 944 0.274211
701 947 0.164981
702 949 0.398100
703 948 0.267552
704 1572 0.374423
705 954 0.138965
706 953 0.242423
709 958 0.278222
711 963 0.353472
712 966 0.150606
714 965 0.182995
715 967 0.207297
716 970 0.385829
717 971 0.284124
718 972 0.186186
720 975 0.325818
721 976 0.204277
722 986 0.494365
723 988 0.235203
724 615 0.514932
725 982 0.277176
728 1606 0.355684
729 621 0.289930
730 1627 0.557753
731 1628 0.467603
733 998 0.106520
734 1648 0.458385
735 1006 0.382778
737 1016 0.364903
738 1028 0.247264
744 1042 0.379244
745 1043 0.393354
746 1045 0.648029
756 1049 0.428857
757 1050 0.304984
762 1060 0.629433
764 1065 0.496609
765 1066 0.382277
780 1092 0.560567
786 61 0.623473
789 154 0.615274
792 1104 0.378098
803 1110 0.586650
812 1113 0.576784
1106 2331 0.693098
1121 897 0.407273
1138 1457 0.622941
1143 1479 0.598201
1144 1480 0.546565
1155 1496 0.260812
1158 1501 0.399153
1172 1559 0.195714
1175 1566 0.337411
1176 1568 0.228125
1177 1569 0.214399
1178 1570 0.354303
1179 1574 0.221434
1180 1578 0.326272
1183 960 0.549116
1184 1580 0.211123
1187 1594 0.434631
1188 1595 0.118869
1189 1596 0.264465
1190 1587 0.144640
1191 2563 0.676387
1192 1592 0.333206
1193 1593 0.250506
1194 1591 0.148598
1197 2612 0.644074
1199 1617 0.237878
1201 1610 0.155662
1202 1618 0.425343
1203 1623 0.334298
1205 1611 0.483328
1206 1612 0.271453
1208 1633 0.344915
1212 1650 0.243351
1216 1013 0.526063
1217 1656 0.259504
1218 1638 0.540442
1220 1654 0.264764
1221 1655 0.331784
1223 1025 0.630972
1224 1026 0.480815
1226 1651 0.298134
1227 1652 0.223299
1228 2665 0.412145
1230 1662 0.337486
1231 1663 0.457048
1232 1659 0.307639
1234 1664 0.213302
1235 1670 0.375696
1237 1666 0.137608
1238 1031 0.414659
1247 1684 0.413687
1249 1679 0.370888
1250 1680 0.435262
1266 1698 0.338152
1267 1699 0.318926
1276 1700 0.395332
1279 1702 0.536148
1284 1704 0.320463
1287 1705 0.362795
1288 1706 0.289462
1290 1710 0.351157
1291 1048 0.588075
1296 1718 0.286516
1300 1719 0.288558
1303 1722 0.466503
1308 2780 0.537036
1311 1727 0.520601
1312 2798 0.400399
1313 2799 0.365776
1318 1064 0.560910
1319 1733 0.270553
1320 1734 0.313380
1321 1732 0.304841
1322 1737 0.453418
1327 1742 0.585384
1328 1740 0.355903
1329 1741 0.220865
1338 1748 0.491989
1360 1784 0.620025
1366 1792 0.416714
1369 1103 0.657661
1371 1796 0.448290
1754 2234 0.678856
1796 2315 0.673082
1803 2326 0.630927
1809 3629 0.624637
1835 2377 0.688018
1840 2381 0.336651
1850 2434 0.354709
1872 2468 0.407990
1873 2469 0.282989
1875 1519 0.608957
1876 1520 0.638897
1889 2525 0.475067
1890 1560 0.669541
1891 2526 0.340180
1895 2532 0.298092
1898 2538 0.566903
1899 2537 0.537535
1901 2536 0.328422
1906 2566 0.356340
1907 2569 0.257460
1909 2584 0.504940
1910 2583 0.220100
1911 2573 0.416851
1912 2575 0.492317
1913 2586 0.277447
1916 2592 0.180640
1918 2614 0.315654
1919 2615 0.345299
1921 2635 0.458639
1922 2604 0.221739
1923 2606 0.130842
1929 2623 0.231407
1930 2631 0.263134
1932 2637 0.315838
1938 2639 0.201416
1942 2652 0.282365
1943 2647 0.486739
1944 2649 0.454210
1949 2674 0.353851
1950 2675 0.362271
1952 2660 0.460271
1959 2664 0.297315
1960 2700 0.311429
1964 2695 0.627459
1965 2694 0.359401
1973 2716 0.349143
1974 2717 0.301871
1977 2722 0.467578
1978 2723 0.402597
1983 2715 0.567427
2002 2739 0.451070
2015 2743 0.604761
2017 2747 0.374696
2018 2752 0.416683
2021 2751 0.342834
2047 2790 0.588792
2055 2795 0.437598
2063 2809 0.343525
2064 2810 0.378536
2065 2818 0.552424
2074 2831 0.548183
2106 2873 0.665424
2124 2901 0.667733
2140 2912 0.514819
2190 2930 0.614474
2729 3678 0.600636
2744 2425 0.475208
2747 1799 0.632161
2757 3757 0.614677
2771 3788 0.691799
2786 2456 0.650523
