420
1 4 0.500542
3 4 0.529920
10 14 0.528325
16 20 0.564901
19 26 0.515021
20 28 0.313477
21 27 0.377552
22 42 0.431683
34 39 0.441490
44 34 0.480169
54 92 0.471489
55 41 0.651107
57 68 0.260732
61 72 0.607112
85 145 0.475297
86 146 0.595040
88 51 0.278772
90 58 0.417886
92 91 0.523694
95 102 0.153808
96 105 0.180020
98 106 0.690421
102 167 0.567665
103 108 0.305113
105 110 0.685701
132 131 0.501372
149 142 0.616748
152 224 0.517634
154 231 0.682315
155 232 0.508990
168 252 0.592023
175 175 0.572973
204 128 0.504495
205 129 0.591363
213 203 0.620309
226 216 0.234229
227 215 0.329484
230 218 0.235621
231 219 0.188788
232 220 0.211919
235 224 0.278756
236 227 0.209904
250 235 0.466285
251 236 0.419113
258 244 0.334672
265 251 0.431184
266 433 0.619288
267 434 0.645060
268 252 0.359041
270 254 0.664354
271 255 0.241543
272 256 0.152700
273 438 0.493301
373 352 0.214060
377 355 0.590477
378 356 0.644979
400 372 0.610940
401 956 0.671840
402 373 0.165795
403 587 0.527667
405 599 0.261146
411 375 0.223935
412 377 0.202213
413 378 0.275179
419 380 0.333983
424 382 0.453630
431 386 0.395800
432 387 0.297247
435 399 0.357988
438 400 0.308860
441 660 0.597392
445 411 0.656057
447 412 0.628150
448 415 0.433212
450 238 0.680301
452 420 0.640743
459 426 0.227095
461 427 0.218068
471 441 0.533238
595 547 0.645427
598 341 0.610713
600 345 0.649077
605 556 0.362199
606 557 0.513734
641 371 0.347601
647 585 0.295347
648 586 0.309970
649 588 0.307507
650 593 0.221238
651 591 0.537953
652 592 0.309606
653 589 0.248907
654 590 0.228603
655 596 0.211642
656 597 0.280963
665 606 0.315531
667 605 0.527980
668 613 0.392976
671 626 0.278080
672 627 0.431643
673 629 0.180527
674 618 0.374337
675 619 0.231558
676 624 0.541566
677 633 0.388617
682 1000 0.482432
683 1001 0.459241
685 636 0.291420
693 641 0.232832
695 643 0.295182
697 650 0.271803
698 651 0.337696
699 647 0.241179
701 654 0.204317
709 663 0.517340
712 664 0.631936
726 676 0.359613
727 1080 0.629255
747 1100 0.680037
751 694 0.342537
752 695 0.348949
757 697 0.329264
759 699 0.325555
773 1125 0.594162
777 710 0.415034
778 711 0.434392
978 899 0.294043
982 905 0.433259
986 568 0.560953
987 914 0.588868
988 1478 0.550896
1015 922 0.682876
1047 930 0.210989
1048 932 0.223728
1049 933 0.257287
1051 934 0.376820
1052 935 0.166762
1053 594 0.606940
1054 938 0.245513
1055 937 0.244647
1056 939 0.227101
1057 940 0.448669
1074 946 0.275604
1075 945 0.426899
1082 951 0.515431
1085 962 0.342679
1094 981 0.473778
1095 974 0.611366
1096 973 0.365697
1101 979 0.296302
1107 983 0.271671
1114 989 0.195968
1118 990 0.285957
1128 1624 0.410595
1129 1625 0.514869
1131 1002 0.258674
1134 1007 0.361014
1135 1634 0.549873
1136 638 0.496877
1140 1003 0.294607
1143 1014 0.340356
1144 1015 0.339053
1147 1010 0.339669
1149 1017 0.117145
1150 1018 0.177097
1152 1020 0.255448
1153 1021 0.281175
1157 1022 0.282169
1159 1024 0.404921
1163 644 0.360627
1164 1668 0.610484
1165 1669 0.436335
1167 1035 0.279443
1170 1038 0.277689
1172 1039 0.277357
1178 1040 0.360878
1192 1051 0.274404
1201 1052 0.467551
1208 667 0.668934
1228 1755 0.590892
1248 1781 0.552372
1255 693 0.570215
1262 1111 0.611590
1275 1125 0.425939
1276 1126 0.459703
1277 1131 0.604461
1279 1139 0.312648
1280 1138 0.183134
1282 1148 0.469855
1284 1147 0.224656
1288 1149 0.407967
1290 1869 0.569340
1297 1157 0.361750
1298 1155 0.445183
1436 2097 0.661048
1641 1467 0.615919
1648 1458 0.483531
1652 338 0.697410
1666 1475 0.596763
1679 1503 0.525246
1687 1513 0.303332
1717 1534 0.673197
1750 1539 0.439981
1751 1543 0.422315
1752 1544 0.264473
1757 2505 0.566319
1758 1549 0.198968
1760 1550 0.225207
1761 1552 0.291541
1762 1554 0.409587
1763 1551 0.354986
1764 1547 0.328101
1765 1548 0.377614
1766 1555 0.422701
1767 1553 0.210706
1768 2521 0.605384
1788 943 0.427459
1795 1567 0.210917
1796 1573 0.359493
1799 1577 0.205172
1800 1565 0.400475
1803 1579 0.302048
1814 1581 0.352745
1816 1586 0.226464
1817 1584 0.234624
1819 1590 0.265160
1825 1598 0.188054
1826 1597 0.409845
1827 1602 0.556427
1829 1599 0.180651
1830 2582 0.569985
1840 1605 0.336176
1842 1613 0.329322
1843 1614 0.143185
1855 1629 0.204584
1857 1616 0.527028
1866 1622 0.307213
1878 1632 0.352833
1880 1639 0.586159
1881 1630 0.348257
1882 1631 0.283714
1887 1008 0.366332
1888 1642 0.222780
1895 1649 0.268865
1896 1647 0.653455
1898 1658 0.601989
1900 1012 0.396293
1903 1657 0.447652
1911 1667 0.183315
1916 1665 0.197774
1917 1671 0.256332
1921 1672 0.196872
1925 1036 0.469379
1926 1037 0.428855
1930 1681 0.244669
1931 1682 0.317606
1932 1675 0.357715
1933 2724 0.663614
1934 1677 0.376883
1946 1686 0.325254
1951 1691 0.412318
1952 1692 0.567353
1953 1693 0.366910
1975 2754 0.597087
1983 1708 0.307920
1987 1709 0.327045
1993 1714 0.273065
1994 1711 0.362824
1995 1713 0.272374
1997 1720 0.326241
1998 1721 0.333982
2001 1724 0.312940
2005 1725 0.419930
2008 1728 0.222798
2053 1754 0.438468
2066 1776 0.458679
2077 2889 0.699175
2088 1798 0.294914
2091 1799 0.247761
2093 1800 0.438064
2095 1801 0.275865
2098 2910 0.475732
2100 1808 0.374214
2112 1828 0.376167
2113 1835 0.462450
2114 1846 0.347821
2115 1851 0.342876
2118 1860 0.409487
2120 1863 0.332889
2121 1865 0.256317
2123 1867 0.540074
2124 1868 0.406474
2126 1871 0.374908
2134 1891 0.522372
2150 1921 0.562596
2151 1911 0.693347
2157 1187 0.614645
2305 2081 0.680163
2345 2105 0.666959
2590 2318 0.655119
2606 2336 0.453201
2610 3596 0.667335
2617 1437 0.496995
2625 2347 0.656189
2639 1446 0.556554
2640 1447 0.698588
2642 2322 0.555878
2643 2323 0.468070
2659 1464 0.616063
2663 1471 0.429429
2677 2413 0.367283
2680 2398 0.254778
2696 3759 0.680362
2706 2437 0.440918
2710 2442 0.424869
2717 2455 0.527067
2743 2480 0.220797
2763 2483 0.656612
2805 1538 0.507784
2812 2497 0.430828
2820 2500 0.299820
2821 1541 0.462792
2822 2504 0.614149
2823 1542 0.426488
2826 2507 0.376313
2828 2510 0.331598
2829 2513 0.668680
2831 2511 0.152558
2832 2508 0.199024
2839 2512 0.458094
2840 2509 0.411911
2841 2515 0.499443
2877 2531 0.367968
2878 1563 0.629822
2880 2533 0.391034
2886 2535 0.338888
2889 2546 0.201580
2890 2548 0.625056
2898 2543 0.181314
2899 2544 0.257183
2900 2540 0.563758
2901 2554 0.394461
2902 2555 0.607532
2916 2560 0.363463
2926 2553 0.302860
2934 2568 0.447090
2942 2559 0.371016
2944 2572 0.173095
2949 2574 0.287071
2951 2561 0.370184
2953 2571 0.354571
2969 2605 0.685435
2970 2597 0.396059
2977 2602 0.305061
2978 2603 0.241720
2987 2598 0.435860
2994 2607 0.337086
2996 2610 0.479297
2997 2624 0.551155
3014 2632 0.277261
3023 2626 0.266104
3030 1644 0.391784
3031 1645 0.358225
3043 2653 0.423857
3053 2658 0.372459
3060 2646 0.512641
3064 2659 0.502285
3073 2686 0.231798
3079 2685 0.199443
3086 2681 0.287866
3087 2682 0.392402
3088 2669 0.444422
3089 2678 0.245322
3102 2688 0.324193
3104 2704 0.262077
3112 2709 0.466425
3113 2710 0.500423
3118 1676 0.601655
3123 2726 0.696298
3130 2737 0.535908
3131 2738 0.493715
3141 2742 0.473545
3161 2760 0.405527
3162 2761 0.459942
3172 2765 0.263460
3178 2767 0.355782
3179 2768 0.549623
3195 2773 0.630966
3201 2779 0.494340
3209 2784 0.309128
3210 2785 0.302045
3215 2796 0.253627
3250 2892 0.687508
3297 2903 0.440962
3311 2908 0.390170
3339 2931 0.362318
3342 2935 0.375601
3350 2949 0.318684
3352 2951 0.300426
3353 2955 0.432433
3361 2965 0.542914
3399 3000 0.557190
3406 3016 0.574837
3408 3024 0.592685
3442 1936 0.444465
3708 3305 0.570863
4105 2403 0.426634
4112 3714 0.595104
4113 3715 0.406223
4125 3732 0.483193
4143 3724 0.310799
4144 3725 0.290884
4158 2420 0.584655
4187 3771 0.466156
4232 3739 0.466118
4240 3797 0.600721
4253 2477 0.503578
4265 3844 0.546401
4266 3845 0.450817
4284 3848 0.623009
