415
4 2734 0.668215
26 3322 0.787052
41 19 0.687624
48 2257 0.521517
52 993 0.728254
67 715 0.797055
95 217 0.745297
96 2597 0.524154
102 3468 0.761024
120 3628 0.797485
131 155 0.790925
139 1019 0.737888
150 200 0.640122
153 2118 0.762225
159 920 0.784475
168 226 0.753091
174 3606 0.719726
179 309 0.741080
198 453 0.794310
224 327 0.502838
232 2026 0.785941
237 3562 0.656784
238 346 0.738707
239 43 0.615886
242 373 0.670993
243 347 0.760310
245 3522 0.639322
251 458 0.664550
252 3415 0.799138
253 541 0.698371
265 551 0.745787
266 457 0.602322
268 558 0.796246
292 2674 0.755037
294 622 0.610487
305 535 0.636290
306 550 0.357923
312 554 0.741787
328 585 0.557943
338 2043 0.787031
345 594 0.669858
348 532 0.591594
349 1629 0.780409
355 418 0.710721
363 765 0.775926
368 1836 0.794574
380 764 0.692164
387 919 0.770208
395 704 0.750883
407 694 0.602189
414 686 0.722503
423 703 0.701852
427 1155 0.731595
437 2400 0.788267
443 851 0.781855
451 762 0.787528
481 779 0.795150
482 2096 0.691193
505 817 0.795024
506 836 0.665712
514 1412 0.763291
523 883 0.480927
524 902 0.610969
561 2441 0.733839
566 3602 0.756989
571 499 0.763480
584 1024 0.734323
598 1023 0.702137
606 100 0.652272
642 43 0.600485
643 3549 0.764200
646 1037 0.550991
651 296 0.693711
658 3395 0.680772
663 3241 0.700679
666 2202 0.790089
676 1080 0.759807
681 1089 0.309539
685 1329 0.798435
687 2641 0.727914
696 3348 0.774624
712 1101 0.762995
713 1120 0.779878
718 1113 0.719611
742 1252 0.657555
752 3520 0.656929
756 501 0.722771
772 978 0.727459
783 3287 0.616079
787 478 0.784241
796 1288 0.563788
806 1270 0.490584
807 1278 0.725477
830 1317 0.579728
831 1338 0.719474
850 46 0.701200
869 1344 0.620516
875 1371 0.754667
876 1406 0.656673
887 1394 0.495656
941 134 0.764078
984 1514 0.604447
985 1515 0.474686
986 114 0.790356
987 1710 0.698364
993 1505 0.643299
996 1561 0.761963
997 1567 0.694216
1001 3063 0.670397
1010 460 0.715813
1012 2844 0.706730
1021 1593 0.461515
1025 496 0.797166
1031 1547 0.797884
1036 1607 0.660289
1051 2537 0.783347
1058 1303 0.790659
1062 1632 0.772096
1071 1650 0.580657
1073 2740 0.622653
1074 1102 0.797004
1082 1615 0.724020
1083 1631 0.546368
1090 1447 0.727837
1111 1704 0.670801
1121 1668 0.485256
1122 1669 0.642400
1125 3115 0.630270
1128 2997 0.797977
1133 1736 0.704592
1139 2670 0.773623
1144 3338 0.348799
1155 2755 0.767129
1161 1752 0.433471
1167 1718 0.781619
1168 1777 0.721725
1177 1751 0.666824
1179 503 0.789439
1183 406 0.770086
1186 1740 0.665988
1192 235 0.777160
1195 1252 0.778315
1196 3071 0.745495
1199 1770 0.407690
1213 2248 0.731515
1217 968 0.755611
1218 3446 0.669231
1236 1794 0.495130
1240 1024 0.684457
1257 1856 0.775990
1264 3010 0.746931
1268 2312 0.791321
1269 1846 0.769943
1270 1847 0.607803
1284 2689 0.785235
1291 3572 0.786073
1292 1878 0.793863
1296 1919 0.623522
1306 3260 0.797319
1316 1213 0.697855
1339 1957 0.689080
1340 1939 0.693178
1342 1949 0.783144
1344 1981 0.706993
1364 1946 0.555225
1369 1004 0.786087
1370 336 0.599488
1380 1971 0.724802
1388 1997 0.595471
1395 1986 0.561966
1404 1076 0.736138
1416 1145 0.780521
1424 1586 0.754058
1426 2371 0.683864
1427 910 0.773780
1442 1252 0.798246
1455 2075 0.542605
1483 2080 0.512940
1504 2354 0.761601
1512 2120 0.635500
1517 2535 0.716909
1521 2103 0.418249
1527 2008 0.763717
1546 2439 0.747020
1547 2170 0.734460
1550 501 0.707989
1554 2150 0.586223
1574 2193 0.652821
1577 2957 0.796281
1580 2165 0.533552
1583 2408 0.702777
1590 558 0.740289
1594 3462 0.739903
1595 533 0.753024
1606 2213 0.776590
1617 2201 0.653764
1631 933 0.738140
1637 2655 0.784484
1641 2245 0.389120
1643 2273 0.497114
1646 2271 0.777104
1650 2259 0.311707
1654 3520 0.501214
1663 2242 0.671191
1679 2284 0.752942
1680 2285 0.723512
1681 2305 0.533667
1686 2294 0.323026
1687 2295 0.755989
1693 2310 0.470456
1702 480 0.773747
1707 1540 0.771508
1727 2319 0.754709
1741 2341 0.515887
1754 3283 0.606057
1757 3665 0.753641
1768 2366 0.163947
1770 2384 0.419466
1778 3457 0.744374
1782 2381 0.457908
1784 2402 0.565284
1792 2375 0.651777
1796 1802 0.770859
1797 2380 0.692080
1798 2399 0.371392
1804 2395 0.695009
1805 2396 0.368924
1806 2397 0.640423
1807 2398 0.715474
1808 2404 0.230119
1817 453 0.746313
1828 375 0.784315
1830 1817 0.798519
1837 2431 0.279243
1841 2429 0.429367
1847 2439 0.353889
1859 2446 0.382849
1860 2447 0.486032
1861 2458 0.581670
1874 2438 0.707054
1882 2456 0.389635
1883 3321 0.624442
1886 2467 0.444314
1892 2039 0.797231
1894 1776 0.777358
1895 2702 0.748618
1907 2475 0.498647
1908 2483 0.434235
1909 2476 0.695320
1916 2491 0.511666
1926 2498 0.296136
1931 2438 0.761805
1932 2506 0.671034
1934 2699 0.711757
1939 2512 0.705077
1941 2513 0.496584
1942 2515 0.149918
1946 2519 0.342403
1947 2520 0.517182
1961 1872 0.698249
1964 237 0.645347
1969 2043 0.765469
1970 2742 0.709138
1973 2542 0.625852
1974 2551 0.376724
1977 2552 0.364380
1979 2685 0.784207
1987 2555 0.602093
1988 2563 0.280967
1989 2564 0.273779
1993 2572 0.756226
1996 2571 0.722695
1997 2582 0.210591
2001 2591 0.316345
2004 2588 0.677893
2008 1702 0.766734
2019 2599 0.683495
2023 2605 0.519475
2024 2606 0.315527
2025 2607 0.582537
2026 2610 0.537211
2031 2608 0.526766
2032 2619 0.378307
2038 2628 0.443478
2039 2629 0.341908
2042 2597 0.706122
2046 3041 0.725254
2049 2637 0.646453
2050 2638 0.254373
2051 2639 0.296336
2052 1645 0.799748
2053 907 0.737585
2056 2646 0.429176
2057 2647 0.744062
2074 2656 0.377849
2075 2653 0.796101
2087 2660 0.604045
2088 2662 0.429639
2094 2667 0.281811
2098 2669 0.305394
2100 459 0.778803
2107 2671 0.551136
2111 2673 0.216542
2112 2674 0.174597
2117 2676 0.450151
2119 2677 0.779584
2121 3376 0.744195
2124 2678 0.616607
2132 851 0.780670
2134 2524 0.701720
2148 2691 0.237923
2154 2694 0.200377
2155 3338 0.687862
2164 2695 0.107065
2166 2696 0.220031
2167 2697 0.392479
2169 3322 0.737348
2176 2699 0.214318
2181 2701 0.442365
2182 2702 0.325855
2184 64 0.682418
2188 2709 0.699872
2190 2707 0.182645
2193 2642 0.754696
2195 2708 0.277702
2202 2711 0.275484
2203 2642 0.718051
2215 2717 0.335010
2216 2719 0.515741
2221 2718 0.533305
2222 2720 0.500870
2236 2682 0.730385
2249 3722 0.765924
2255 2630 0.759706
2258 2737 0.318648
2261 2642 0.648952
2265 2709 0.716615
2275 2734 0.699760
2278 2880 0.656314
2286 2977 0.659071
2290 1117 0.773386
2297 3036 0.753264
2298 3069 0.648364
2301 3062 0.653621
2305 2740 0.603128
2311 2894 0.445162
2314 3458 0.784843
2317 3559 0.567175
2329 3293 0.517002
2332 3261 0.434430
2335 3310 0.507559
2343 3732 0.795844
2345 3339 0.519360
2357 3491 0.795844
2359 3384 0.469283
2362 1490 0.794280
2370 3355 0.799675
2388 3505 0.707849
2401 3581 0.788787
2403 3564 0.779522
2405 3547 0.715425
2407 3588 0.638218
2412 3596 0.712159
2437 3617 0.794313
2438 3611 0.787198
2442 3602 0.494622
2455 1219 0.742342
2461 3622 0.508656
2476 3661 0.574414
2486 3649 0.592615
2490 3658 0.727794
2491 3654 0.754193
2495 3672 0.638700
2508 3673 0.541682
2511 3676 0.539126
2513 3722 0.613629
2520 3670 0.615252
2525 3677 0.775080
2530 3671 0.744458
2534 2748 0.570748
2543 1356 0.766254
2548 3038 0.785280
2553 3692 0.771326
2556 3686 0.703169
2565 3297 0.798248
2575 3713 0.668939
2578 3709 0.678334
2583 3714 0.793402
2590 1734 0.794121
2591 3728 0.570829
2592 3715 0.779642
2602 3723 0.643012
2634 1778 0.683436
2642 3737 0.372237
2643 3737 0.751081
2644 3740 0.692419
2646 3740 0.671645
2647 3740 0.686301
2649 3742 0.081779
2650 3742 0.057577
2651 2742 0.739882
2653 3754 0.792151
2662 3746 0.655224
2663 3745 0.676087
2665 3748 0.789016
2667 3750 0.447035
2673 3756 0.772270
2674 3760 0.764493
2677 3755 0.702035
2679 3758 0.755631
2682 3758 0.627310
2683 3756 0.710469
2684 3760 0.350540
2686 3760 0.724529
2687 3763 0.000000
