643
5 4 0.542090
10 12 0.351762
11 14 0.387731
15 18 0.198172
17 22 0.253699
18 23 0.253951
19 25 0.668362
20 29 0.340216
21 30 0.243816
31 41 0.254991
35 57 0.192374
36 58 0.143916
41 62 0.234268
48 63 0.324767
52 67 0.246706
55 68 0.266450
61 73 0.222242
71 85 0.547305
72 129 0.456426
80 95 0.215029
89 64 0.567718
92 106 0.192389
95 107 0.506376
96 113 0.209069
98 116 0.477581
99 181 0.412745
100 182 0.469665
111 130 0.673479
117 145 0.207462
122 148 0.494532
125 149 0.227674
127 150 0.200847
128 151 0.152658
134 157 0.330464
135 158 0.344981
138 162 0.184423
140 164 0.214055
141 165 0.218157
142 105 0.425724
144 163 0.344675
145 166 0.259269
152 169 0.635866
154 171 0.289203
155 172 0.369468
163 178 0.196376
164 179 0.127870
165 313 0.445908
168 184 0.525680
169 185 0.228768
172 119 0.288205
178 197 0.451440
183 208 0.494507
185 220 0.273028
186 221 0.290896
188 385 0.384124
189 225 0.391678
190 229 0.283623
191 226 0.194033
192 228 0.171951
193 232 0.477667
194 234 0.295781
199 238 0.153883
200 239 0.141532
206 255 0.445857
208 255 0.275010
211 259 0.248485
212 260 0.349136
216 264 0.234397
217 265 0.185383
219 268 0.324326
221 456 0.503463
230 273 0.377022
232 274 0.557638
233 275 0.301733
234 278 0.125267
235 279 0.224408
241 283 0.157265
242 281 0.353068
243 282 0.212530
247 286 0.240394
250 287 0.371994
256 163 0.405161
258 477 0.667701
260 293 0.214626
262 294 0.241401
263 295 0.309105
267 299 0.305378
268 297 0.485114
270 301 0.598592
273 302 0.289336
278 511 0.648302
279 304 0.663716
281 306 0.300819
282 307 0.214986
287 315 0.184986
288 314 0.495840
296 183 0.450941
311 345 0.389733
314 343 0.666878
320 209 0.561144
324 370 0.521766
325 371 0.212147
326 372 0.467134
327 382 0.366770
328 383 0.352072
329 386 0.289880
330 387 0.431003
331 389 0.319776
332 388 0.462113
333 390 0.424042
334 391 0.346020
335 392 0.353904
337 393 0.407496
338 394 0.205728
342 398 0.230697
344 400 0.124622
345 403 0.160833
348 405 0.238355
349 237 0.360105
354 421 0.161884
355 423 0.400884
362 429 0.144159
364 434 0.166115
365 435 0.171822
366 436 0.225019
367 438 0.258087
374 446 0.218380
375 709 0.593784
376 711 0.471905
379 450 0.685022
381 454 0.143873
386 459 0.331717
394 740 0.471854
395 461 0.214916
396 277 0.486688
403 468 0.229659
408 472 0.328910
415 481 0.454631
419 492 0.553627
420 493 0.556652
422 490 0.223625
423 494 0.327888
426 496 0.491321
430 802 0.429234
431 499 0.255833
433 500 0.447661
436 510 0.449086
437 508 0.302621
442 512 0.475787
445 521 0.290768
451 535 0.223152
454 534 0.380202
457 537 0.386427
472 889 0.540679
491 573 0.687025
495 602 0.204397
496 604 0.649917
498 606 0.236029
499 609 0.389850
501 616 0.470721
502 617 0.418889
503 618 0.411901
504 619 0.336897
505 1009 0.337906
506 622 0.215375
507 631 0.462840
508 630 0.374709
509 637 0.462662
510 397 0.523764
511 642 0.218029
514 645 0.332211
515 399 0.510481
518 647 0.395423
519 651 0.277445
523 670 0.545297
524 675 0.193887
525 676 0.308387
526 681 0.325895
545 703 0.269721
546 704 0.495885
552 715 0.456137
555 721 0.409118
557 722 0.284423
558 726 0.540024
561 728 0.532418
562 729 0.378012
565 732 0.418578
566 733 0.359258
567 734 0.429115
570 735 0.383718
572 736 0.642203
573 737 0.458171
592 751 0.255769
593 752 0.315559
594 1213 0.536222
595 465 0.698235
596 753 0.591137
597 754 0.323500
598 756 0.340818
599 760 0.616066
602 763 0.279452
606 765 0.674849
607 761 0.427512
610 770 0.250647
618 785 0.465933
622 780 0.474088
623 781 0.428733
631 489 0.374581
633 1274 0.479162
634 794 0.339098
635 786 0.386655
638 498 0.671121
640 797 0.568616
655 1323 0.592175
656 835 0.654389
657 833 0.262003
658 837 0.565301
664 1331 0.520836
670 1338 0.662603
671 844 0.394145
675 862 0.334430
680 868 0.431843
684 860 0.369413
696 878 0.459644
699 881 0.696635
703 879 0.697495
737 957 0.253003
739 960 0.350570
740 961 0.226441
741 966 0.418709
744 1559 0.540490
745 980 0.239845
746 982 0.338366
748 987 0.210175
750 988 0.334318
752 997 0.422452
753 995 0.216950
754 996 0.327179
755 1619 0.375524
757 999 0.269510
758 1000 0.310300
760 1002 0.344199
761 1008 0.178876
762 1006 0.161374
764 1016 0.292093
765 1013 0.492595
766 1014 0.406260
770 1018 0.468760
771 1025 0.695448
772 634 0.682675
776 1029 0.282818
777 1033 0.178509
778 1034 0.351621
779 1030 0.250356
780 1031 0.281237
781 1032 0.334184
782 1035 0.164250
783 1036 0.284605
784 1039 0.390470
785 1040 0.268350
786 1041 0.235077
789 1044 0.132132
790 1052 0.354253
794 1055 0.256552
797 1064 0.669515
798 1059 0.174222
799 1062 0.190622
800 1063 0.229864
801 1066 0.242001
802 1067 0.209968
805 1716 0.463976
806 1075 0.394230
808 1078 0.478286
809 1079 0.481454
810 647 0.369649
811 1080 0.259940
814 1082 0.447314
815 1083 0.337102
817 1776 0.344990
819 1109 0.074608
828 1113 0.414267
830 1116 0.212489
831 1118 0.488151
832 1119 0.401952
837 1124 0.305757
839 1126 0.306630
863 1153 0.498189
876 1156 0.668361
889 1179 0.268764
890 1180 0.245067
892 1185 0.668065
899 1187 0.377600
903 1189 0.655399
904 1190 0.357851
906 1192 0.536450
908 742 0.377197
912 1179 0.633292
913 1194 0.589999
918 1202 0.273651
919 1197 0.315696
922 1206 0.405863
923 1211 0.415067
924 1203 0.236489
925 1205 0.229199
929 1204 0.330768
931 1207 0.420632
933 1920 0.391731
934 1215 0.262542
935 1216 0.152645
939 1225 0.538796
945 1226 0.682798
952 1229 0.452900
953 1230 0.405056
962 1249 0.426058
963 1974 0.518087
967 1248 0.348135
986 2005 0.524675
987 1274 0.563800
988 1277 0.277712
989 1278 0.282198
998 799 0.682262
1006 1282 0.333863
1007 2024 0.402010
1009 1288 0.451872
1010 1287 0.339816
1017 1293 0.372399
1018 1296 0.571277
1019 1297 0.540201
1020 1298 0.172414
1021 2047 0.571893
1047 1317 0.363842
1048 2072 0.614145
1055 1328 0.223555
1066 2116 0.469385
1067 1333 0.494111
1074 1336 0.369893
1083 1353 0.248667
1084 1354 0.242992
1086 2138 0.689579
1090 1340 0.555736
1100 1352 0.530370
1104 1377 0.636395
1111 1383 0.583621
1121 2186 0.642278
1126 1396 0.334265
1133 1401 0.600190
1134 1406 0.276249
1152 890 0.475198
1158 1427 0.379662
1180 1448 0.647502
1200 1526 0.458739
1201 1531 0.341700
1202 2409 0.558357
1206 1538 0.591336
1207 1550 0.265018
1208 1551 0.373697
1209 1549 0.358126
1210 1553 0.487494
1211 1548 0.271659
1212 1543 0.355676
1213 1560 0.257915
1214 1561 0.240574
1215 1554 0.372591
1216 1555 0.268595
1217 1562 0.154557
1220 1569 0.365607
1221 1570 0.316308
1222 1578 0.249950
1229 1600 0.372425
1230 1588 0.219584
1231 1589 0.311696
1234 1581 0.462357
1235 1582 0.478641
1239 2499 0.558447
1240 1614 0.182094
1242 1616 0.581227
1244 1607 0.511744
1246 1631 0.564870
1247 1632 0.461819
1250 1639 0.333849
1251 1651 0.378887
1253 1648 0.513086
1256 1661 0.398303
1259 1026 0.654644
1260 1655 0.259669
1261 2621 0.450955
1262 1673 0.245015
1263 1674 0.320883
1266 1658 0.244531
1270 2635 0.606931
1278 1677 0.204096
1279 1681 0.280592
1281 1686 0.153291
1283 2656 0.356235
1285 1691 0.476161
1286 1049 0.465956
1287 1692 0.142814
1289 1057 0.628518
1292 1056 0.431758
1293 1699 0.157109
1296 1714 0.597848
1299 1715 0.322104
1304 1718 0.396794
1306 1721 0.681602
1311 2706 0.545283
1313 1074 0.561342
1317 1730 0.646580
1318 1081 0.405929
1319 1734 0.556110
1320 2722 0.434484
1321 2723 0.402972
1324 1739 0.457981
1325 1740 0.512832
1327 1742 0.181547
1328 2752 0.348641
1338 1785 0.338176
1340 2821 0.532065
1346 1789 0.166849
1347 1792 0.332135
1351 1803 0.374918
1353 1806 0.434440
1354 1805 0.396596
1361 1811 0.250585
1380 1816 0.269500
1381 1817 0.449622
1383 1818 0.479464
1384 1819 0.535924
1390 1822 0.397038
1406 2890 0.510548
1409 1842 0.126258
1410 1843 0.106557
1414 1845 0.437761
1418 1856 0.480415
1419 1848 0.433492
1427 1859 0.382558
1428 1860 0.234386
1429 1866 0.424309
1441 1871 0.682800
1442 1174 0.625147
1443 1175 0.606828
1463 1892 0.209939
1472 1911 0.585233
1474 1906 0.238426
1475 1195 0.696752
1484 1930 0.602503
1487 1938 0.300377
1493 1223 0.657341
1496 1949 0.432034
1499 1944 0.441292
1507 1960 0.394975
1512 1962 0.303344
1513 1963 0.327143
1523 1972 0.379734
1538 1991 0.675939
1552 2015 0.649774
1561 2012 0.539701
1567 2018 0.271906
1569 2031 0.464689
1571 2029 0.672414
1573 2026 0.357621
1580 3136 0.552034
1581 3146 0.664724
1597 3159 0.632101
1604 2069 0.478127
1605 2070 0.365708
1617 2074 0.687767
1629 2099 0.220047
1631 2114 0.247496
1632 2115 0.427306
1639 2127 0.446507
1656 2130 0.474521
1678 2174 0.391282
1686 2182 0.310471
1688 1381 0.275579
1694 2190 0.354507
1696 2202 0.272861
1703 2197 0.545952
1715 3387 0.663271
1717 2229 0.455161
1722 2241 0.479404
1727 1423 0.570242
1761 1452 0.663588
1792 2305 0.593811
1812 3589 0.687838
1833 2407 0.443140
1834 2414 0.245376
1835 2422 0.525095
1836 2420 0.339988
1837 2423 0.667441
1839 2430 0.577227
1849 2434 0.655324
1855 2438 0.585406
1856 2439 0.467188
1857 1565 0.586836
1858 2441 0.218842
1859 2442 0.362688
1863 2452 0.343330
1865 2453 0.288220
1869 2468 0.292883
1870 2469 0.187144
1873 1573 0.419578
1874 2470 0.458899
1875 2480 0.434054
1877 2490 0.274575
1878 2484 0.501474
1885 2478 0.392889
1891 2514 0.557902
1892 2515 0.261116
1894 1603 0.662022
1895 2501 0.369487
1896 2511 0.191102
1897 1604 0.383912
1899 2500 0.510848
1900 2518 0.275227
1904 2530 0.500836
1908 1613 0.293485
1909 1610 0.477834
1916 2520 0.338130
1917 2521 0.469258
1921 1624 0.609784
1924 2580 0.545893
1925 2553 0.365190
1926 2554 0.427005
1927 2551 0.310329
1928 2552 0.338125
1929 2544 0.364724
1931 2585 0.271006
1932 2562 0.561767
1936 2568 0.539240
1937 2569 0.413513
1938 2579 0.471439
1939 2578 0.666712
1940 2583 0.666615
1944 2602 0.402441
1945 2610 0.322295
1948 2606 0.497187
1949 2607 0.414077
1950 2599 0.209532
1951 2600 0.559266
1952 2595 0.531546
1954 2624 0.338281
1955 2625 0.413057
1963 2601 0.334142
1964 2618 0.555165
1965 2631 0.524144
1967 1680 0.595818
1968 2648 0.208945
1971 2652 0.450001
1972 2653 0.381904
1973 2654 0.515393
1974 2655 0.362965
1976 1688 0.595176
1977 2657 0.436474
1985 1693 0.474210
1998 2682 0.183982
1999 2683 0.235374
2002 2688 0.230263
2003 2689 0.253688
2006 2686 0.403255
2007 2687 0.592839
2010 2694 0.520686
2025 2708 0.235035
2028 2713 0.567579
2034 2711 0.540871
2035 2718 0.327286
2039 2742 0.514657
2040 2743 0.403931
2052 2800 0.296205
2064 2818 0.487984
2075 2824 0.572494
2089 2832 0.237976
2090 2838 0.298997
2094 2845 0.695790
2096 2846 0.363723
2129 2875 0.509594
2137 1825 0.555480
2160 2904 0.624420
2162 2897 0.379676
2179 2933 0.462357
2200 2947 0.480044
2202 2954 0.522846
2214 2965 0.372863
2215 2966 0.388996
2235 1925 0.503437
2247 1932 0.589807
2264 2997 0.537554
2273 3028 0.358561
2278 3024 0.382302
2279 3025 0.439191
2280 1951 0.604249
2286 3027 0.447926
2291 3032 0.264899
2292 3033 0.496759
2293 3039 0.345125
2294 3040 0.492199
2308 3050 0.595012
2310 3047 0.566857
2317 3057 0.665574
2320 3053 0.416317
2330 3070 0.377277
2331 3063 0.277638
2332 3066 0.548579
2335 2000 0.528291
2346 3091 0.612140
2353 3092 0.657290
2385 3119 0.318362
2399 3152 0.668106
2402 3160 0.519413
2403 3161 0.608336
2404 3162 0.574790
2409 3149 0.451960
2418 3172 0.461192
2419 3174 0.353424
2438 3205 0.573415
2453 3227 0.578101
2454 3240 0.603608
2463 3245 0.415355
2464 3246 0.415842
2481 3244 0.468980
2483 3274 0.603775
2491 3273 0.338950
2495 3278 0.347275
2498 3264 0.440465
2502 3293 0.424484
2503 2131 0.386186
2505 3263 0.565326
2520 2152 0.563897
2527 3334 0.491988
2536 3338 0.569145
2537 3341 0.301914
2542 2173 0.356724
2544 3356 0.273735
2546 3320 0.527182
2552 3360 0.499079
2572 2206 0.454748
2573 2207 0.332156
2603 3432 0.656406
2616 3463 0.431295
2641 3496 0.616357
2669 3504 0.431406
2682 2310 0.670190
2686 3547 0.585357
2705 3549 0.513310
