651
10 162 0.731326
20 1 0.469116
44 1143 0.791627
62 1998 0.676897
69 256 0.652787
87 165 0.642530
90 35 0.688645
108 574 0.774655
109 1127 0.713524
137 5 0.418181
146 7 0.298755
161 8 0.551855
166 1180 0.625784
167 9 0.632635
181 13 0.436896
182 14 0.256968
185 296 0.719272
187 53 0.659984
193 129 0.779185
195 12 0.730704
209 19 0.337282
213 1955 0.649845
214 2115 0.704474
219 15 0.799674
225 255 0.688366
236 45 0.785418
265 31 0.484719
266 32 0.453953
276 976 0.788726
278 5 0.782413
287 1442 0.721243
300 36 0.544546
303 1619 0.755755
304 10 0.768435
315 919 0.569291
317 42 0.627391
322 51 0.719686
328 48 0.526816
333 955 0.782512
335 2154 0.596224
342 56 0.426634
353 62 0.690691
367 69 0.591346
371 64 0.694459
379 63 0.607953
380 80 0.593997
389 66 0.557119
391 71 0.702748
392 75 0.375699
396 67 0.396441
400 74 0.579106
406 78 0.527032
419 95 0.610629
420 96 0.419918
425 93 0.330190
430 88 0.662053
438 107 0.520400
439 108 0.745769
441 87 0.738910
442 101 0.427302
467 120 0.790536
474 111 0.660734
475 128 0.557533
482 248 0.789805
485 106 0.683287
488 124 0.591463
489 127 0.610427
502 346 0.741760
503 178 0.764282
509 138 0.455585
511 141 0.458802
519 1166 0.776038
528 965 0.739244
533 148 0.545287
534 149 0.530174
556 10 0.650699
559 157 0.543508
565 167 0.699191
567 173 0.396903
580 1086 0.751433
588 151 0.525147
604 158 0.513776
605 184 0.677135
614 179 0.510741
619 1640 0.798247
621 111 0.771086
622 183 0.799262
626 195 0.624574
640 200 0.724886
643 374 0.752645
647 181 0.762678
649 390 0.751805
658 203 0.683528
672 202 0.653719
673 212 0.512462
677 193 0.660924
680 221 0.497471
701 1212 0.787151
703 219 0.698772
733 1101 0.714527
736 237 0.553133
745 225 0.671224
751 1056 0.700786
756 243 0.755995
780 252 0.750690
781 263 0.409196
789 258 0.591121
819 266 0.568126
828 285 0.583921
833 1145 0.725260
834 289 0.677078
856 2148 0.794118
864 299 0.796919
877 1648 0.622726
882 316 0.577029
892 322 0.591008
893 1677 0.676750
913 104 0.706874
917 315 0.786330
931 332 0.784799
932 333 0.432335
949 1232 0.769081
954 114 0.608709
955 346 0.766646
958 340 0.540239
959 350 0.553746
961 1126 0.766934
970 329 0.720801
980 1272 0.768356
982 116 0.797615
984 353 0.426937
985 354 0.636934
1007 364 0.773071
1008 365 0.505315
1010 974 0.754217
1016 359 0.751563
1026 379 0.730285
1034 358 0.736050
1043 373 0.604510
1045 387 0.724371
1058 386 0.396461
1084 399 0.787779
1085 400 0.776515
1087 408 0.627294
1103 308 0.772562
1105 722 0.788749
1112 396 0.596158
1116 409 0.627900
1123 988 0.755331
1128 2322 0.770143
1129 347 0.719030
1132 430 0.675499
1144 1308 0.779904
1153 435 0.572618
1173 443 0.531750
1178 1308 0.778807
1184 2135 0.329994
1192 2258 0.635098
1194 1033 0.796291
1213 1992 0.731695
1218 461 0.418744
1219 474 0.434269
1235 473 0.441002
1236 2258 0.720741
1244 478 0.313443
1251 488 0.323639
1284 1060 0.737591
1286 1459 0.741326
1292 481 0.786531
1324 2103 0.777468
1328 1183 0.746804
1338 494 0.740767
1344 1506 0.770763
1366 1478 0.787648
1378 645 0.798867
1380 1135 0.678605
1406 1254 0.744963
1423 33 0.700089
1428 1918 0.794437
1470 1285 0.750308
1488 2169 0.792896
1507 927 0.791462
1512 1170 0.718319
1555 308 0.787222
1566 994 0.556536
1612 828 0.792980
1623 1174 0.758371
1649 1110 0.782333
1659 893 0.766260
1692 928 0.783180
1699 734 0.654111
1753 1531 0.786340
1760 1945 0.681066
1772 1495 0.745784
1804 1128 0.750143
1835 1034 0.281545
1878 859 0.762428
1889 288 0.776576
1908 934 0.788056
1919 390 0.792171
1929 1063 0.797107
1933 569 0.765690
1945 884 0.771772
1972 2239 0.757199
1977 1901 0.748649
1989 1505 0.797725
2002 1412 0.711451
2004 958 0.613559
2017 2135 0.512979
2020 966 0.717830
2028 862 0.738013
2033 1002 0.623312
2046 9 0.650064
2052 2292 0.789647
2063 1019 0.708643
2074 1904 0.759935
2078 1052 0.765648
2080 1490 0.799237
2088 1063 0.695898
2091 1078 0.506718
2098 1086 0.608274
2101 1111 0.746254
2102 1088 0.751759
2105 114 0.677495
2106 1095 0.651236
2107 1082 0.403611
2109 1084 0.772218
2114 1103 0.662037
2115 1105 0.760320
2117 1111 0.240138
2118 1112 0.380052
2119 1114 0.682582
2121 1345 0.782525
2125 2058 0.776987
2126 1125 0.320747
2127 1126 0.650126
2128 1127 0.394493
2131 9 0.675884
2133 1130 0.370971
2135 1132 0.698376
2136 2109 0.730014
2143 1141 0.557093
2144 1143 0.574122
2145 1144 0.574591
2147 1045 0.724303
2152 1148 0.632401
2153 1142 0.769966
2154 1149 0.290527
2155 1151 0.585704
2165 1178 0.223719
2166 1180 0.641337
2177 1185 0.578035
2178 1190 0.377029
2179 1191 0.380688
2180 1192 0.648054
2181 1193 0.726107
2183 1375 0.790565
2184 1194 0.293665
2187 2191 0.680647
2189 1259 0.689154
2195 1205 0.373785
2198 1210 0.228309
2199 1212 0.107661
2200 1213 0.307395
2207 1217 0.539693
2210 1226 0.764449
2211 1218 0.413735
2219 1220 0.685416
2220 1221 0.771212
2221 1222 0.586163
2223 1225 0.146285
2224 1226 0.370672
2228 1244 0.635004
2229 1231 0.461835
2231 1233 0.308237
2232 1234 0.177448
2233 2163 0.799345
2240 1245 0.347876
2246 1254 0.144421
2250 1233 0.671261
2251 1260 0.261960
2252 1262 0.234634
2253 1034 0.721142
2254 1268 0.344215
2255 1270 0.477875
2256 1271 0.622704
2261 1278 0.520279
2264 1279 0.792263
2267 1285 0.759790
2268 1289 0.513739
2269 2135 0.275689
2274 1292 0.705172
2276 1295 0.707196
2285 1317 0.634697
2288 1235 0.734857
2305 1324 0.498000
2310 1266 0.746901
2313 1576 0.791080
2314 1240 0.753201
2316 1597 0.798851
2323 2054 0.797491
2325 1347 0.649144
2333 1348 0.709020
2334 1350 0.590641
2335 1351 0.674978
2336 1352 0.425647
2344 1367 0.536455
2349 1359 0.622744
2350 1360 0.468898
2355 1369 0.702892
2356 1370 0.410944
2369 1339 0.779747
2378 1165 0.782217
2379 1502 0.686260
2383 1392 0.687443
2390 1225 0.701748
2391 1400 0.485744
2397 1407 0.572154
2403 1502 0.787478
2406 1422 0.404076
2407 1423 0.579233
2408 1415 0.352006
2415 1424 0.407618
2416 1416 0.527501
2417 1417 0.401131
2425 2040 0.797774
2430 1437 0.611532
2431 1425 0.430735
2437 1442 0.715090
2445 1450 0.359944
2451 1457 0.339559
2459 1472 0.458115
2465 1278 0.730574
2467 1188 0.650620
2472 1475 0.755647
2473 1484 0.752076
2480 1491 0.593881
2481 1492 0.484123
2482 1494 0.350322
2483 1495 0.517633
2486 1478 0.540716
2489 1496 0.296706
2490 1497 0.337107
2495 1511 0.492292
2496 1512 0.339205
2497 1505 0.231029
2504 1520 0.328509
2505 1521 0.349313
2507 1506 0.395250
2510 1537 0.580713
2513 2068 0.781288
2515 1517 0.672430
2520 1538 0.772831
2521 1531 0.312362
2527 1542 0.435327
2529 1532 0.648434
2530 1533 0.647590
2532 1205 0.766986
2533 449 0.733137
2545 1543 0.229686
2549 1564 0.574629
2550 1555 0.667635
2553 1545 0.563834
2554 2050 0.790400
2564 1575 0.315762
2574 1560 0.639124
2580 501 0.785464
2585 1570 0.448912
2596 2107 0.757023
2600 1594 0.785028
2601 1595 0.794424
2602 1586 0.327724
2606 1607 0.247473
2607 1596 0.515202
2615 1615 0.302319
2616 1597 0.490587
2617 1598 0.660971
2630 1610 0.507880
2631 1611 0.749568
2632 1599 0.560486
2636 1632 0.313565
2637 1621 0.226657
2638 1616 0.303676
2640 1278 0.752793
2641 1272 0.796373
2646 1641 0.468380
2652 2025 0.767156
2660 1643 0.576275
2661 1644 0.741646
2677 1656 0.279665
2678 1647 0.516099
2679 1648 0.421072
2688 1668 0.542750
2689 1657 0.159245
2690 1658 0.291641
2699 1690 0.631727
2700 1681 0.382424
2703 1670 0.455519
2705 1672 0.516578
2715 1664 0.527855
2716 1665 0.674001
2722 1676 0.274132
2723 1677 0.205605
2733 1684 0.252120
2739 1701 0.501944
2740 1692 0.614563
2744 1711 0.585905
2746 1699 0.396074
2747 1693 0.460824
2762 1703 0.199320
2763 1201 0.773095
2768 1712 0.545179
2769 1045 0.727327
2770 1704 0.506691
2776 1721 0.624638
2780 1713 0.765753
2781 1710 0.435619
2788 1731 0.434796
2789 1732 0.296580
2797 1733 0.636194
2801 1718 0.475578
2810 1724 0.520229
2812 306 0.777161
2815 1746 0.460222
2817 2087 0.769084
2820 1751 0.486215
2823 1736 0.651346
2833 1754 0.628218
2834 1744 0.574728
2843 1759 0.733295
2851 1760 0.735476
2852 1756 0.472183
2855 1776 0.562184
2856 1762 0.466450
2867 1779 0.487259
2868 1777 0.506221
2869 1772 0.422877
2871 1763 0.599809
2882 1784 0.389024
2884 929 0.720636
2892 1796 0.741925
2894 1782 0.219570
2895 1778 0.677443
2904 1783 0.364174
2910 1799 0.494506
2912 1789 0.523309
2919 1807 0.538022
2920 1808 0.307390
2922 1800 0.267359
2923 1795 0.772308
2928 1806 0.273202
2932 1815 0.517804
2934 1802 0.148143
2935 1797 0.734064
2940 213 0.778345
2944 1813 0.277045
2945 1803 0.311084
2954 1814 0.652713
2956 2224 0.507403
2960 1828 0.537396
2962 2161 0.776207
2970 1825 0.197822
2971 1820 0.546005
2977 1837 0.729490
2978 1830 0.494116
2979 1821 0.658474
2983 1831 0.691673
2992 1841 0.482233
2993 1838 0.346192
2994 1835 0.397102
2995 1827 0.569555
3000 1851 0.501281
3002 1842 0.702452
3003 1832 0.697731
3007 1852 0.323446
3008 1843 0.583624
3009 1839 0.286793
3010 1840 0.282168
3012 208 0.715288
3020 1861 0.492318
3021 1854 0.384273
3022 1848 0.605074
3027 1859 0.547963
3028 1855 0.216035
3029 1856 0.367915
3031 1846 0.304697
3039 1853 0.173599
3040 1849 0.411885
3041 1850 0.765328
3046 1867 0.279504
3047 1864 0.455292
3048 1860 0.587579
3049 2125 0.772020
3058 375 0.769597
3060 1469 0.769807
3061 1868 0.275543
3062 1869 0.488931
3068 1881 0.568892
3069 1873 0.602835
3071 1879 0.391136
3073 1871 0.711687
3079 1886 0.578454
3080 1885 0.359564
3081 1874 0.411265
3082 1876 0.761245
3089 1892 0.447798
3098 1119 0.755699
3105 1890 0.491361
3112 1891 0.574810
3113 947 0.764284
3119 1895 0.573577
3125 1901 0.236727
3126 1902 0.561614
3127 1896 0.390522
3128 1897 0.488690
3130 1911 0.665890
3131 1905 0.353184
3136 1908 0.451311
3140 1186 0.760213
3142 1904 0.364366
3146 1915 0.799900
3147 1916 0.470312
3148 1909 0.551885
3149 1907 0.646894
3156 1917 0.124740
3157 1912 0.384734
3163 1910 0.573894
3170 1925 0.359848
3171 1918 0.175299
3172 1913 0.425877
3177 1919 0.358560
3180 407 0.713219
3182 1927 0.369674
3184 1929 0.592321
3185 1921 0.560588
3186 1920 0.555121
3197 1934 0.758568
3211 1931 0.351211
3220 1935 0.314480
3226 1947 0.681706
3232 1953 0.542387
3233 1948 0.625853
3234 1945 0.441435
3235 1940 0.611988
3238 1950 0.177431
3239 1941 0.446140
3240 1942 0.547761
3245 1956 0.382736
3246 1954 0.607751
3247 1946 0.292898
3253 1958 0.299489
3258 1955 0.359906
3259 1951 0.373251
3265 1960 0.363392
3280 2032 0.666968
3284 1738 0.730563
3288 1974 0.690875
3289 1972 0.532205
3291 1964 0.653473
3298 967 0.780984
3305 1976 0.434854
3306 1970 0.383150
3324 1973 0.706550
3329 1983 0.463377
3333 1984 0.268158
3334 1979 0.236689
3338 724 0.764048
3343 1990 0.751819
3344 1982 0.478910
3355 2003 0.373397
3364 1997 0.776409
3365 1994 0.316738
3370 1991 0.381633
3378 2004 0.299627
3388 1995 0.661897
3403 2012 0.274197
3415 2013 0.380667
3418 2017 0.354970
3419 2178 0.573095
3422 2021 0.713294
3423 2019 0.374836
3424 2015 0.439593
3433 2020 0.339480
3441 2026 0.492418
3450 2018 0.589024
3462 2031 0.392853
3463 2030 0.201834
3465 1573 0.760074
3467 2036 0.652475
3470 1793 0.771488
3474 1964 0.787487
3483 2040 0.324159
3485 2039 0.452518
3506 1904 0.790738
3509 2077 0.795357
3527 2292 0.348156
3537 1048 0.754242
3546 1528 0.776399
3580 1955 0.632822
3601 2077 0.487259
3634 2293 0.574772
3638 2149 0.467966
3643 2043 0.767515
3647 1574 0.792624
3663 2193 0.458193
3666 2196 0.480832
3671 2058 0.746973
3674 2215 0.700591
3675 2207 0.685762
3677 2218 0.726291
3682 2183 0.429063
3694 2200 0.520270
3701 2206 0.619370
3703 2236 0.613387
3704 2211 0.665661
3705 2232 0.548584
3709 2233 0.481797
3710 2230 0.703344
3717 2249 0.548015
3722 2250 0.495944
3726 2243 0.756166
3733 2255 0.663929
3745 2260 0.562633
3746 2238 0.727005
3748 2310 0.762072
3749 2292 0.301397
3750 2311 0.713787
3752 2287 0.711421
3770 2272 0.717477
3783 2303 0.625080
3798 2305 0.465387
3802 2335 0.736809
3809 2347 0.733967
3812 2348 0.756853
3815 2350 0.598871
3816 2351 0.078014
3817 2351 0.095750
3818 2351 0.298792
3819 2351 0.189583
3820 2351 0.158447
3833 2361 0.693641
3835 2366 0.586312
3842 2364 0.652944
3843 2365 0.752622
3845 2365 0.680635
3846 2370 0.789283
3850 2385 0.626822
3852 2388 0.630591
3854 2386 0.689373
3855 2386 0.663715
3857 2398 0.000000
