353
4 9 0.655567
7 3 0.605812
11 7 0.468577
12 9 0.288351
14 12 0.352708
16 15 0.344424
17 21 0.392448
23 18 0.181440
37 36 0.574623
38 47 0.491659
39 22 0.374606
41 28 0.134978
43 51 0.406858
45 29 0.284578
47 31 0.359441
51 32 0.236249
52 33 0.107488
53 35 0.113360
56 36 0.375703
58 38 0.191646
60 45 0.187449
63 48 0.497126
64 49 0.238694
65 69 0.526752
66 70 0.561016
68 50 0.157491
69 51 0.210574
74 53 0.448771
79 55 0.145432
80 74 0.324883
81 76 0.382247
82 77 0.357474
83 57 0.191490
89 61 0.569754
109 72 0.667035
115 73 0.325419
116 75 0.077751
117 79 0.109174
118 78 0.330988
119 80 0.228182
120 81 0.497181
126 89 0.471114
127 63 0.597992
143 98 0.679064
161 155 0.579652
178 108 0.347321
179 109 0.146600
180 168 0.425009
181 110 0.091633
182 113 0.191648
183 117 0.133268
188 122 0.472505
190 125 0.144688
205 94 0.678152
214 96 0.692149
225 143 0.472337
227 144 0.153886
228 145 0.140902
233 146 0.311208
234 147 0.112365
245 151 0.416937
246 152 0.114986
247 153 0.360673
248 154 0.273016
249 155 0.275248
255 159 0.579419
286 163 0.237092
287 164 0.277243
288 165 0.259152
289 166 0.183250
290 169 0.426535
291 170 0.138891
292 171 0.239260
295 174 0.253591
300 290 0.448855
302 189 0.249726
304 190 0.487815
310 192 0.377691
311 195 0.285774
312 310 0.311935
313 311 0.302905
317 198 0.644681
363 140 0.656570
373 225 0.339556
374 226 0.535934
382 351 0.398071
393 230 0.448549
395 231 0.627648
396 235 0.260018
400 239 0.298093
402 243 0.535460
404 244 0.454636
412 249 0.258426
424 156 0.605058
435 160 0.415615
436 251 0.366412
471 257 0.425217
474 258 0.316953
475 259 0.297702
478 260 0.497370
479 261 0.447286
480 263 0.598259
481 264 0.310770
482 266 0.186714
487 267 0.534291
488 268 0.216534
490 643 0.693715
491 410 0.347519
494 271 0.457398
513 287 0.611052
514 288 0.554969
515 186 0.308420
517 296 0.327448
518 297 0.242546
519 298 0.240671
520 299 0.152660
528 308 0.326324
529 309 0.327225
530 469 0.674994
585 344 0.483117
598 350 0.612345
623 568 0.424229
624 571 0.405902
626 369 0.413156
649 248 0.638978
673 383 0.265979
678 384 0.603520
679 385 0.363993
740 390 0.112337
742 391 0.282554
743 392 0.367374
747 400 0.221386
748 404 0.215863
749 403 0.194802
751 407 0.255058
752 408 0.183372
753 409 0.279778
754 642 0.624530
755 643 0.340204
758 411 0.293912
759 418 0.180195
766 421 0.426432
767 428 0.436830
784 444 0.228033
787 447 0.317243
788 189 0.692957
789 190 0.650569
791 450 0.478725
793 690 0.453717
795 457 0.294683
799 695 0.374779
800 458 0.317889
809 703 0.646363
813 316 0.427404
820 474 0.502967
822 720 0.681663
823 480 0.379235
824 481 0.594041
825 723 0.560720
832 485 0.474756
857 323 0.635165
969 810 0.491695
972 539 0.403825
988 546 0.292247
989 547 0.490690
992 549 0.336856
999 839 0.414490
1001 553 0.285207
1003 844 0.582588
1004 357 0.695874
1006 361 0.551371
1007 362 0.583182
1008 363 0.562094
1038 577 0.529870
1058 582 0.441923
1069 583 0.245690
1076 378 0.684410
1094 588 0.320259
1095 589 0.496063
1099 590 0.411516
1100 591 0.487999
1107 592 0.340768
1121 594 0.524852
1130 595 0.353418
1131 596 0.296400
1205 599 0.542399
1206 600 0.599950
1213 601 0.225318
1214 603 0.136703
1218 602 0.100753
1219 605 0.156603
1222 606 0.171896
1225 608 0.249142
1236 609 0.298656
1239 611 0.286071
1242 612 0.258753
1251 616 0.317813
1253 935 0.560344
1254 617 0.309484
1255 618 0.166686
1256 620 0.244968
1257 396 0.215521
1258 621 0.172842
1259 622 0.156549
1261 624 0.150444
1262 625 0.218475
1263 626 0.268605
1264 631 0.225942
1268 627 0.413280
1269 628 0.395276
1270 629 0.520200
1271 632 0.273819
1272 633 0.190320
1273 401 0.415570
1274 634 0.188841
1278 636 0.129077
1281 638 0.289136
1282 964 0.434111
1283 640 0.232598
1286 969 0.425191
1292 973 0.444627
1294 645 0.140496
1295 646 0.419663
1297 647 0.284026
1298 649 0.512231
1299 650 0.577214
1315 656 0.455422
1323 660 0.249495
1331 423 0.523344
1346 671 0.583328
1356 675 0.347450
1363 680 0.441625
1364 683 0.179971
1365 684 0.445421
1372 1068 0.403189
1373 694 0.352669
1382 464 0.570950
1383 1092 0.532739
1384 708 0.328982
1388 471 0.462497
1390 719 0.499113
1401 729 0.522653
1441 757 0.578613
1569 799 0.440006
1570 528 0.595233
1605 813 0.243945
1607 814 0.474629
1609 1289 0.467272
1616 1294 0.644512
1650 834 0.472881
1676 1328 0.507540
1684 846 0.389180
1699 564 0.665084
1703 565 0.413597
1737 868 0.585317
1752 870 0.510886
1753 873 0.628330
1759 878 0.417285
1773 883 0.377335
1778 884 0.389534
1787 886 0.275401
1794 891 0.407269
1796 892 0.507080
1800 1409 0.589480
1801 890 0.271711
1802 889 0.626448
1803 894 0.577913
1816 897 0.407419
1818 898 0.376421
1825 900 0.368183
1826 901 0.354580
1842 902 0.327478
1846 904 0.568219
1850 905 0.578818
1922 915 0.678593
1945 920 0.386057
1946 919 0.273287
1951 921 0.370370
1958 922 0.232290
1963 925 0.293467
1976 927 0.347148
1979 614 0.248250
1980 929 0.254849
1981 930 0.478383
1982 931 0.606650
1984 932 0.276341
1985 933 0.261589
1988 615 0.421238
1989 934 0.313312
1990 936 0.365438
1993 939 0.352859
1994 938 0.332562
1996 944 0.417980
1997 941 0.346836
1998 945 0.199608
1999 619 0.421954
2004 950 0.267162
2005 951 0.219076
2007 952 0.078364
2013 954 0.502301
2016 956 0.461746
2022 962 0.323630
2023 963 0.470107
2028 966 0.305926
2032 970 0.291193
2033 971 0.497108
2038 977 0.368457
2040 975 0.591252
2052 987 0.283722
2053 988 0.561709
2054 989 0.305867
2058 994 0.505687
2082 1010 0.470200
2090 1017 0.563890
2091 1018 0.398146
2096 1027 0.415596
2097 1028 0.412524
2107 1036 0.403881
2108 1039 0.475468
2116 1049 0.408491
2122 1059 0.206646
2128 1069 0.374090
2130 1070 0.350556
2132 1071 0.664585
2141 1096 0.371381
2145 1101 0.536624
2146 1102 0.374716
2154 1105 0.330202
2187 1134 0.635147
2395 1268 0.448522
2406 1279 0.431205
2455 1305 0.522339
2516 1341 0.677258
2528 1335 0.656683
2562 1362 0.528202
2570 1357 0.608772
2589 1372 0.693701
2635 1387 0.564983
2636 880 0.454691
2644 1384 0.525296
2664 1399 0.509165
2669 1401 0.481388
2670 1402 0.400833
2676 1404 0.443699
2681 1407 0.220181
2686 1405 0.385533
2687 1406 0.341249
2699 893 0.581559
2724 1415 0.664366
2733 903 0.581339
2743 1421 0.256334
2744 1422 0.523497
2745 1423 0.508119
