656
35 20 0.195661
40 892 0.699545
50 47 0.706838
66 146 0.751580
73 1000 0.748942
92 1977 0.794176
113 3621 0.775291
117 74 0.391426
118 328 0.675028
140 2799 0.779644
146 409 0.776302
207 82 0.784143
219 236 0.764280
224 1929 0.757166
228 95 0.534719
245 126 0.429087
246 1922 0.696224
251 1440 0.776317
264 3412 0.741310
271 282 0.765873
297 135 0.678467
307 134 0.490558
310 155 0.581780
311 167 0.632441
338 3404 0.637250
339 8 0.714145
348 2275 0.759177
354 728 0.613732
365 326 0.662679
368 195 0.692292
379 179 0.723622
390 1677 0.704835
404 139 0.796140
405 2093 0.577467
408 131 0.701304
422 226 0.526624
437 185 0.771656
445 1512 0.670387
451 3659 0.732052
464 243 0.796123
480 214 0.677006
486 213 0.512416
513 234 0.703417
514 242 0.798753
522 217 0.691954
527 926 0.752738
536 820 0.651184
542 2356 0.743003
547 283 0.734789
548 288 0.646275
555 276 0.647829
559 2827 0.747002
560 96 0.652192
577 275 0.687139
580 417 0.772879
592 282 0.580039
613 1839 0.746973
616 1728 0.772186
626 1977 0.766646
641 3238 0.722071
642 2056 0.672591
658 326 0.741198
659 2062 0.762374
669 926 0.761708
672 1748 0.796496
709 2144 0.705310
746 485 0.756264
749 1984 0.781091
783 862 0.785282
819 1512 0.541865
895 2324 0.767469
929 3622 0.758072
932 2480 0.790151
951 1294 0.791194
992 962 0.705179
995 2061 0.782412
1000 2011 0.742052
1006 1552 0.747965
1021 2943 0.691602
1023 2418 0.596435
1026 81 0.698758
1035 2187 0.747858
1066 3332 0.724595
1071 3148 0.641331
1081 2134 0.766389
1087 1284 0.744842
1099 1130 0.768609
1118 880 0.785111
1120 381 0.778817
1202 2859 0.783840
1221 1429 0.667393
1240 546 0.740780
1267 1818 0.769104
1273 2664 0.668551
1383 2932 0.773383
1387 330 0.752400
1393 2088 0.768734
1415 2339 0.747982
1422 1928 0.777322
1429 2269 0.773718
1470 974 0.776154
1509 1917 0.750455
1520 990 0.669467
1524 3576 0.793207
1552 449 0.656768
1570 3007 0.772352
1591 1077 0.762618
1610 2418 0.660923
1617 1375 0.767572
1636 1490 0.747063
1653 3349 0.759273
1665 1103 0.680576
1698 445 0.718200
1734 459 0.660027
1779 1512 0.489809
1793 274 0.789493
1798 657 0.732995
1851 2903 0.681815
1898 1116 0.758775
1913 198 0.764714
1932 2077 0.707257
1967 272 0.765417
2105 138 0.789194
2107 2313 0.795077
2113 2061 0.722732
2128 1605 0.754372
2129 3774 0.755249
2175 79 0.786578
2181 959 0.783086
2183 2141 0.787027
2206 1552 0.795656
2222 2160 0.781337
2230 2093 0.685666
2249 1994 0.711739
2255 673 0.661868
2256 2212 0.786743
2268 1754 0.791820
2282 528 0.790648
2291 1773 0.790350
2303 1678 0.784807
2307 51 0.696025
2318 2120 0.739313
2329 1512 0.753656
2342 2200 0.765508
2354 1823 0.768454
2373 51 0.783789
2390 62 0.774345
2391 1549 0.711858
2395 478 0.696251
2396 703 0.765601
2413 1866 0.761813
2415 1882 0.532149
2420 43 0.736097
2437 1952 0.737326
2455 974 0.795360
2456 474 0.783433
2459 2088 0.772572
2475 1991 0.738788
2476 412 0.786771
2492 2056 0.744111
2507 2067 0.463653
2514 365 0.755122
2517 1991 0.718188
2521 2020 0.721233
2529 1183 0.695141
2544 2126 0.748093
2546 2913 0.725863
2548 2799 0.716756
2571 2150 0.727806
2573 849 0.796091
2587 2705 0.775647
2593 8 0.646026
2615 2203 0.782362
2619 2196 0.672633
2620 2202 0.657879
2621 2236 0.756435
2627 2206 0.479899
2629 3060 0.692121
2632 2213 0.471166
2633 2215 0.778551
2634 2216 0.501775
2638 2236 0.670861
2642 2233 0.755863
2644 2223 0.718415
2646 2227 0.352134
2653 2242 0.440258
2654 2243 0.453822
2655 2236 0.445487
2657 2239 0.319577
2663 2396 0.788073
2669 2249 0.794837
2672 1849 0.711410
2679 3335 0.762270
2689 2395 0.716170
2694 1284 0.754954
2714 2871 0.798394
2732 2865 0.690313
2738 1267 0.799470
2741 2342 0.719514
2756 2195 0.765355
2759 2289 0.790337
2770 2400 0.797721
2784 2301 0.711374
2785 2206 0.755233
2818 2360 0.765879
2822 2435 0.758849
2838 2490 0.788008
2848 2777 0.756333
2857 2449 0.543506
2860 2425 0.714078
2863 301 0.746881
2864 2469 0.652454
2878 2494 0.450608
2880 2480 0.627424
2888 2494 0.785157
2893 2479 0.691765
2902 2517 0.705655
2908 2229 0.639311
2912 2523 0.648701
2913 2524 0.653030
2914 1972 0.712841
2918 2525 0.626666
2930 2533 0.457249
2931 2534 0.486761
2932 2535 0.723115
2935 2510 0.521228
2939 2538 0.442842
2940 2539 0.481236
2941 2540 0.769457
2948 2555 0.545444
2949 2546 0.616093
2950 2541 0.382510
2952 2542 0.384158
2962 2556 0.580664
2963 2547 0.502875
2968 2229 0.780863
2972 2557 0.442395
2988 2588 0.360167
2990 2577 0.443332
2998 2598 0.711396
3000 2581 0.565155
3002 2583 0.785778
3013 2591 0.236457
3014 2592 0.526739
3016 3417 0.783690
3019 2621 0.395772
3023 2599 0.601164
3026 2501 0.796076
3029 2611 0.307750
3041 3234 0.773631
3043 2652 0.363736
3044 2653 0.484157
3047 2624 0.675516
3053 2654 0.740772
3054 2655 0.797792
3056 2642 0.742997
3065 2658 0.423207
3067 2644 0.294509
3068 2645 0.707640
3075 2670 0.703515
3076 463 0.792725
3082 2671 0.418985
3084 2659 0.324940
3085 1184 0.675068
3087 2706 0.732712
3090 2693 0.202753
3094 2310 0.750457
3096 2717 0.539724
3097 2718 0.555876
3099 2683 0.352279
3100 2684 0.245634
3107 2708 0.712035
3118 2727 0.235044
3119 2728 0.729668
3120 2719 0.435404
3123 588 0.782482
3130 2696 0.774549
3131 2697 0.564851
3139 2699 0.745079
3145 2753 0.315048
3156 2764 0.491921
3158 2756 0.237323
3164 2735 0.512002
3167 2765 0.715791
3168 2750 0.779848
3169 2742 0.605621
3170 2738 0.370394
3180 2743 0.522054
3181 1252 0.769631
3185 2792 0.380816
3186 2772 0.364367
3192 138 0.779258
3196 1186 0.797125
3197 2782 0.376814
3198 2783 0.331775
3202 2767 0.660735
3208 2489 0.772565
3209 2785 0.507566
3210 2774 0.714983
3212 2760 0.504257
3218 2813 0.269668
3221 2794 0.535498
3222 2786 0.431954
3223 3680 0.735213
3230 2824 0.268089
3231 2817 0.476381
3234 2805 0.687712
3240 2831 0.768554
3242 2814 0.380301
3243 2787 0.424776
3251 2806 0.589218
3255 1986 0.770126
3256 2838 0.446171
3258 2827 0.399788
3260 2819 0.798414
3276 2858 0.486577
3279 2820 0.474312
3282 1032 0.641343
3283 2865 0.500634
3288 1756 0.668165
3291 2848 0.601961
3299 2860 0.524818
3302 2849 0.603088
3311 2876 0.621054
3312 2854 0.503090
3318 2878 0.531925
3329 2879 0.721438
3340 2898 0.399532
3342 2891 0.774133
3350 2517 0.782665
3351 2916 0.574822
3352 2899 0.304434
3357 2901 0.342199
3359 2892 0.657577
3365 2917 0.576075
3369 2957 0.339239
3370 2947 0.599505
3372 2924 0.782706
3373 2917 0.780907
3375 2909 0.674588
3378 167 0.794967
3385 2958 0.514558
3386 2948 0.693480
3388 3334 0.754673
3394 2959 0.797738
3395 2940 0.477933
3396 2931 0.195411
3403 2972 0.702395
3409 2973 0.554574
3410 2966 0.557848
3411 2951 0.307336
3416 2996 0.778192
3418 2990 0.749848
3425 2974 0.456319
3426 2967 0.775816
3433 3023 0.536470
3434 2968 0.700254
3440 2991 0.301412
3442 2976 0.390515
3448 2866 0.771822
3450 3024 0.492314
3452 3014 0.329346
3453 2998 0.611848
3462 3016 0.614479
3464 2999 0.692286
3468 3012 0.533336
3476 3034 0.770969
3478 2158 0.746516
3494 3036 0.637674
3497 3020 0.537526
3504 3050 0.646632
3505 3044 0.475411
3516 3102 0.749780
3532 3086 0.614434
3534 3076 0.617572
3543 3115 0.483429
3545 3097 0.470124
3553 3108 0.750601
3555 3078 0.289794
3564 3109 0.628251
3565 3087 0.436946
3568 1972 0.633352
3572 3138 0.353571
3574 3129 0.719638
3575 3122 0.467217
3577 3116 0.593475
3578 3110 0.628390
3587 954 0.792577
3588 3513 0.730696
3589 3124 0.423598
3590 3117 0.473827
3595 3165 0.533688
3597 3140 0.744882
3601 3159 0.480901
3603 3134 0.350462
3610 3152 0.679303
3620 3130 0.254260
3632 3153 0.767597
3633 3135 0.706860
3637 3013 0.783758
3645 3161 0.524412
3653 3194 0.475473
3654 3175 0.411645
3655 3169 0.588684
3656 1030 0.747409
3657 1284 0.773177
3683 3217 0.355113
3686 3181 0.510360
3691 3241 0.427151
3692 3237 0.533272
3693 3204 0.493562
3697 3242 0.715833
3699 3225 0.595677
3702 1083 0.799947
3707 3248 0.498582
3708 3229 0.583207
3709 3230 0.462774
3710 3209 0.380358
3711 3205 0.326025
3718 3266 0.595348
3719 3255 0.788855
3720 3221 0.629931
3737 3281 0.263083
3738 3275 0.723214
3740 3252 0.657057
3741 3222 0.466657
3746 3262 0.408317
3751 3286 0.449577
3752 3256 0.567991
3753 3232 0.521251
3761 3257 0.617456
3769 3292 0.345954
3770 3287 0.265475
3774 3270 0.358004
3775 3271 0.653176
3781 3315 0.766527
3782 3272 0.343096
3787 3316 0.528571
3788 3309 0.734611
3791 3264 0.509707
3799 3310 0.469506
3800 3277 0.409285
3801 3278 0.535995
3808 3336 0.452865
3815 3325 0.339116
3816 3318 0.434039
3818 3301 0.558327
3819 3297 0.622534
3828 3338 0.691092
3829 3319 0.514076
3830 3311 0.657611
3840 3339 0.484966
3841 3320 0.695109
3842 3302 0.757174
3846 3314 0.708084
3848 3288 0.362981
3850 3360 0.766302
3853 3321 0.272970
3861 3348 0.256195
3862 3327 0.290706
3873 3323 0.267760
3880 3390 0.791749
3881 3383 0.340739
3889 3379 0.577677
3890 3372 0.701039
3891 3361 0.625763
3893 3350 0.488988
3898 3384 0.456669
3903 3385 0.406071
3904 3380 0.650926
3910 3404 0.188394
3912 3374 0.478878
3913 3353 0.731979
3918 3375 0.696288
3919 3367 0.570470
3923 3447 0.796232
3928 275 0.784511
3931 3412 0.665861
3932 3398 0.531620
3933 3381 0.380728
3934 3382 0.411803
3939 3425 0.489844
3940 3399 0.724107
3941 3368 0.596225
3943 20 0.663060
3949 3437 0.480245
3958 3427 0.183287
3959 3416 0.531868
3961 3394 0.503868
3968 3434 0.777390
3970 3401 0.487713
3976 3451 0.595042
3978 3395 0.507338
3979 3377 0.654735
3986 3429 0.756155
3994 3438 0.365275
3995 3421 0.705183
4005 3402 0.335850
4010 3454 0.746046
4015 3459 0.701940
4016 3444 0.316294
4022 2573 0.784063
4024 963 0.792881
4025 3470 0.604464
4027 3445 0.203866
4033 3471 0.622555
4045 3447 0.335165
4046 3422 0.734092
4048 3487 0.744392
4049 3489 0.258876
4052 3448 0.730125
4053 3436 0.302441
4056 3497 0.438445
4057 3481 0.214070
4063 3493 0.546281
4074 3500 0.723559
4083 3503 0.456664
4085 3479 0.429154
4086 3473 0.217051
4092 3512 0.526911
4093 3498 0.632121
4108 3513 0.758656
4116 3524 0.730843
4118 3501 0.566504
4119 3502 0.493110
4120 3495 0.239157
4121 3467 0.350796
4144 3547 0.702300
4146 3535 0.319891
4147 3530 0.755685
4148 3531 0.459478
4149 3417 0.773596
4150 3504 0.568883
4153 3544 0.366856
4154 3536 0.696910
4155 3514 0.666449
4156 3496 0.746676
4159 1977 0.620182
4160 3548 0.629814
4161 3510 0.227956
4167 3515 0.552222
4168 932 0.728159
4174 3554 0.628965
4178 3511 0.678277
4185 3558 0.494078
4186 3506 0.644619
4192 3546 0.549026
4198 3516 0.359230
4209 3566 0.522931
4211 3561 0.503783
4212 3555 0.488483
4216 3569 0.750069
4217 3570 0.560302
4227 3573 0.441445
4228 3562 0.598106
4229 3532 0.490039
4238 3571 0.519132
4243 1000 0.750458
4252 3574 0.496404
4262 3553 0.477838
4263 3551 0.479962
4265 3589 0.337481
4266 3590 0.500327
4267 3585 0.389187
4268 3580 0.359873
4273 3564 0.400983
4281 213 0.780912
4282 3567 0.794899
4288 3592 0.798758
4292 3596 0.321619
4304 3577 0.474683
4311 3578 0.276893
4314 3604 0.448233
4325 3060 0.595156
4327 3587 0.332414
4328 3588 0.289367
4339 148 0.758742
4341 3597 0.719455
4348 499 0.673258
4356 3600 0.537412
4382 1388 0.761929
4387 3099 0.735604
4391 2370 0.736867
4393 1074 0.788177
4398 3265 0.753836
4399 3616 0.326613
4407 3620 0.311466
4412 3622 0.758173
4413 617 0.781905
4418 3625 0.545302
4420 3604 0.535908
4429 559 0.731646
4430 3629 0.501089
4431 3627 0.712505
4432 3626 0.534814
4433 3623 0.568792
4444 3633 0.689597
4450 3447 0.797892
4454 3637 0.485397
4455 2147 0.775991
4458 3631 0.799563
4460 3641 0.563463
4465 3646 0.394314
4466 3640 0.569353
4469 3060 0.671523
4470 2347 0.668408
4471 3644 0.661520
4474 3643 0.402736
4476 3364 0.739011
4492 3657 0.394360
4493 3645 0.758332
4500 3669 0.798868
4503 3612 0.749865
4506 3659 0.606840
4508 3676 0.726209
4513 3100 0.775466
4514 3038 0.797434
4521 3661 0.780443
4528 3593 0.567353
4537 1524 0.777310
4539 3665 0.596814
4540 3662 0.784048
4545 1045 0.798480
4548 3680 0.776566
4555 3280 0.462685
4557 3692 0.518980
4562 3695 0.750623
4563 3677 0.626476
4564 3674 0.796819
4578 3732 0.746522
4584 3706 0.349336
4590 3707 0.663799
4594 3714 0.455900
4598 3708 0.413699
4600 1319 0.784296
4604 3713 0.732997
4623 3762 0.639882
4628 3718 0.656897
4635 3736 0.604149
4647 3758 0.706531
4652 3508 0.710817
4665 3809 0.596494
4666 3808 0.680718
4667 3809 0.684478
4668 3814 0.758177
4672 3834 0.791132
4673 3828 0.769389
4678 3840 0.713544
4681 3847 0.616137
4685 3833 0.788455
4696 3850 0.548699
4698 3856 0.322528
4704 3851 0.729241
4705 3851 0.529694
4707 3854 0.779021
4711 3857 0.000000
