236
3 9 0.569336
4 10 0.625269
10 15 0.474512
13 7 0.449789
18 422 0.458381
21 373 0.673868
27 118 0.546198
36 86 0.685414
50 61 0.386649
51 57 0.642556
52 56 0.569182
53 23 0.431140
55 78 0.595272
56 70 0.676763
59 53 0.375303
62 68 0.620554
66 37 0.424368
67 94 0.521420
69 41 0.536818
70 76 0.302282
71 79 0.284584
73 97 0.372635
74 80 0.413900
75 88 0.469188
76 81 0.603024
78 505 0.561382
81 82 0.593856
82 71 0.505254
86 59 0.386615
88 112 0.269224
92 359 0.615802
93 99 0.365718
95 105 0.227634
97 72 0.302661
98 168 0.479439
102 108 0.344145
108 106 0.514540
116 120 0.619890
121 85 0.649344
126 110 0.282174
129 128 0.593646
132 264 0.553218
137 126 0.517179
142 101 0.433789
147 432 0.692008
148 575 0.670703
149 134 0.658112
150 107 0.360708
156 359 0.377143
157 109 0.371101
159 44 0.509097
167 125 0.667364
168 149 0.543232
175 129 0.576401
176 149 0.516133
178 130 0.235989
183 133 0.557564
184 135 0.457430
185 503 0.694410
191 156 0.548088
195 157 0.652396
196 136 0.594617
199 144 0.200717
201 573 0.696017
202 397 0.639863
206 352 0.571008
208 174 0.550329
211 141 0.646887
218 150 0.390241
221 147 0.507634
222 178 0.433135
223 152 0.384353
236 285 0.675667
237 160 0.191328
247 214 0.654425
249 398 0.654267
250 23 0.629703
251 222 0.559995
254 172 0.482111
260 501 0.562117
261 235 0.524355
262 191 0.498119
263 170 0.535115
264 185 0.339706
269 248 0.665129
272 205 0.468959
274 249 0.479282
275 210 0.387007
276 180 0.675213
277 224 0.232350
284 259 0.638572
287 237 0.220010
290 219 0.588084
291 215 0.357527
292 206 0.592790
293 17 0.625145
295 246 0.183180
296 226 0.528163
299 450 0.680944
300 255 0.121956
308 250 0.586365
309 230 0.518355
316 232 0.470859
323 264 0.568196
325 242 0.246087
330 258 0.359556
332 261 0.659845
335 265 0.566973
337 272 0.598161
339 281 0.509548
342 270 0.411189
347 287 0.291257
353 291 0.426003
367 303 0.364537
370 307 0.171927
376 313 0.507552
377 302 0.691727
378 391 0.411908
379 312 0.328537
380 335 0.604454
381 320 0.488111
382 308 0.429244
385 177 0.690615
386 336 0.390021
387 324 0.491626
389 337 0.478924
392 328 0.588246
394 333 0.324267
395 331 0.272107
396 334 0.648530
403 347 0.544627
404 341 0.397560
405 342 0.610904
412 357 0.592093
413 355 0.270374
416 362 0.502818
417 363 0.401367
420 353 0.668677
421 356 0.683210
422 354 0.645464
423 348 0.584470
424 531 0.655758
432 374 0.472951
433 375 0.269643
434 381 0.464445
438 177 0.465348
439 383 0.369920
446 391 0.558875
451 330 0.652065
452 390 0.426848
454 396 0.537013
455 393 0.563862
460 397 0.619033
461 394 0.450523
463 404 0.413894
464 398 0.336395
465 399 0.670093
468 444 0.457260
469 408 0.601183
473 411 0.541977
475 153 0.583690
480 413 0.248018
481 414 0.545604
488 424 0.503228
493 430 0.612423
495 432 0.614743
497 434 0.537653
498 435 0.589659
499 505 0.653994
501 439 0.608350
506 444 0.216606
514 449 0.694123
515 450 0.620102
518 454 0.621184
520 455 0.442247
522 97 0.475640
523 53 0.573518
525 460 0.345577
528 467 0.506734
531 463 0.534096
532 466 0.446280
533 475 0.406967
539 470 0.636881
544 477 0.341127
545 473 0.474741
548 493 0.501874
549 498 0.366697
553 492 0.585968
554 482 0.350945
555 490 0.398232
557 503 0.595895
563 496 0.584146
564 504 0.573690
567 488 0.557264
568 488 0.307576
569 488 0.536814
570 502 0.201262
576 506 0.323774
577 509 0.566941
578 510 0.491371
582 494 0.504522
583 386 0.622961
586 501 0.574789
604 53 0.633282
612 533 0.482095
615 529 0.306148
619 528 0.627147
621 531 0.321724
623 535 0.595669
624 548 0.671952
634 543 0.469316
636 555 0.268106
637 557 0.620202
638 557 0.618286
639 562 0.509743
647 561 0.577318
649 565 0.315886
650 569 0.696747
665 586 0.638982
682 560 0.608029
685 564 0.511921
686 577 0.581567
691 608 0.392982
693 581 0.616468
697 583 0.664566
699 598 0.652794
700 601 0.608504
701 611 0.528404
702 589 0.364552
706 582 0.256760
707 607 0.678565
712 596 0.621051
720 634 0.556718
730 625 0.649438
739 638 0.037216
740 639 0.000000
