67
0 47 0.633458
5 18 0.594241
6 15 0.552846
8 15 0.660297
15 19 0.678112
17 161 0.665341
20 251 0.687673
32 52 0.484189
34 220 0.266720
35 256 0.684215
38 68 0.537360
52 173 0.686565
54 71 0.675478
76 282 0.390490
82 75 0.382966
85 220 0.244012
90 276 0.462219
91 91 0.605753
92 115 0.639354
95 89 0.364301
99 166 0.658909
104 254 0.673160
107 91 0.669075
115 111 0.683270
117 110 0.676690
120 103 0.210927
122 122 0.629342
137 86 0.606514
141 173 0.601318
142 197 0.687616
143 154 0.667683
147 11 0.687865
151 339 0.647374
152 136 0.663576
161 189 0.620830
193 242 0.636324
197 207 0.330453
200 212 0.378335
202 11 0.661374
210 216 0.298087
213 152 0.623731
247 263 0.652048
254 263 0.653501
255 134 0.459457
263 261 0.343508
264 262 0.422451
265 263 0.506970
269 269 0.655140
271 161 0.672900
277 65 0.515266
279 247 0.610727
283 196 0.588458
286 338 0.634128
288 332 0.563942
290 342 0.579070
295 25 0.443293
297 82 0.592755
299 349 0.561024
306 352 0.667603
324 82 0.629610
329 349 0.585517
340 350 0.449212
353 295 0.516130
358 295 0.389248
366 220 0.289461
370 403 0.572231
372 418 0.000000
