182
21 3 0.699917
28 326 0.611087
29 201 0.457264
42 31 0.347437
49 69 0.684976
50 21 0.536845
59 63 0.555101
62 532 0.654561
74 614 0.699946
76 35 0.525147
78 69 0.600488
86 103 0.618292
87 21 0.258388
90 58 0.615622
92 97 0.417860
93 84 0.548271
95 21 0.574312
97 249 0.686143
98 612 0.634738
103 83 0.631738
108 117 0.543040
114 140 0.442364
117 87 0.630462
121 105 0.476112
123 146 0.569180
129 133 0.428366
130 109 0.345173
142 519 0.521024
151 158 0.628631
155 148 0.492213
156 134 0.496662
158 67 0.670173
159 561 0.389818
162 39 0.463164
167 114 0.696437
169 183 0.658734
170 159 0.503704
171 3 0.578395
185 163 0.617140
190 173 0.551017
201 282 0.524295
203 210 0.555526
204 187 0.586947
210 21 0.368228
216 221 0.380909
225 237 0.555477
226 212 0.521202
227 138 0.688005
231 214 0.152462
239 224 0.514376
245 264 0.310180
249 255 0.646760
253 21 0.242043
254 291 0.391571
257 557 0.586173
259 263 0.552156
269 267 0.629021
271 21 0.249465
273 279 0.420639
274 165 0.655757
277 297 0.488162
282 299 0.412625
288 298 0.418313
294 320 0.321752
302 316 0.518991
308 342 0.554619
310 221 0.605378
313 326 0.286020
314 304 0.283225
316 21 0.091554
323 97 0.696275
335 350 0.542211
341 354 0.624690
342 399 0.547509
343 21 0.622749
348 362 0.437469
351 363 0.270830
352 364 0.694087
353 626 0.681253
358 371 0.388939
361 366 0.393543
362 373 0.668474
368 21 0.699267
369 391 0.654852
397 384 0.521707
400 385 0.452727
407 21 0.478485
408 405 0.589144
409 397 0.625145
420 400 0.498027
432 401 0.564146
439 421 0.548111
441 423 0.630964
442 414 0.602922
461 429 0.179728
462 366 0.605287
469 433 0.381664
470 426 0.088200
471 427 0.201525
480 431 0.648182
483 435 0.563869
485 323 0.684223
488 441 0.528537
489 437 0.305463
491 385 0.522350
496 21 0.699567
504 447 0.197719
521 455 0.675811
522 452 0.237104
525 21 0.326779
526 453 0.588132
530 458 0.366044
535 462 0.499145
543 466 0.170604
547 476 0.518656
548 478 0.431135
549 575 0.675868
551 472 0.500119
574 487 0.402143
587 490 0.570088
589 491 0.516296
622 583 0.575805
631 497 0.607378
632 498 0.400944
658 501 0.580103
666 504 0.419436
685 511 0.420958
698 516 0.581668
699 166 0.485007
701 514 0.533431
703 518 0.640449
704 301 0.606227
734 561 0.491240
785 537 0.385530
792 530 0.251205
798 533 0.295058
802 21 0.257100
803 535 0.353349
804 560 0.520070
806 559 0.232967
817 558 0.358501
831 565 0.691995
852 575 0.364254
856 573 0.428550
857 574 0.499825
877 561 0.697149
878 578 0.254434
879 579 0.500949
896 577 0.379933
903 563 0.609389
904 576 0.447589
905 587 0.256958
915 589 0.315571
919 598 0.523862
925 244 0.636605
951 611 0.321562
960 612 0.274847
986 622 0.574071
988 614 0.683597
996 627 0.491267
1002 643 0.461992
1013 636 0.530497
1014 637 0.643406
1015 639 0.616275
1024 21 0.629995
1029 654 0.503221
1030 654 0.691629
1039 672 0.440882
1054 650 0.665280
1065 649 0.490323
1069 676 0.671931
1071 647 0.646030
1072 657 0.381055
1088 242 0.680776
1108 28 0.689506
1113 21 0.585497
1124 21 0.485403
1126 28 0.634898
1133 21 0.501948
1135 525 0.578673
1156 739 0.025782
1157 740 0.000000
