134
11 300 0.671140
14 308 0.537627
28 42 0.537474
42 85 0.497860
47 24 0.615445
49 26 0.424312
56 21 0.132796
58 21 0.373690
63 187 0.484131
66 35 0.410214
70 33 0.438027
72 187 0.698830
73 41 0.215771
77 43 0.311630
87 215 0.672075
90 67 0.674830
94 45 0.410523
95 42 0.130916
97 46 0.399277
106 52 0.558274
107 59 0.278169
111 43 0.622001
114 171 0.654046
124 141 0.664338
125 77 0.627019
134 70 0.529491
135 69 0.645280
137 71 0.387082
143 81 0.480836
147 88 0.628713
149 83 0.425547
159 92 0.211528
163 90 0.477688
169 101 0.409722
170 190 0.512596
171 106 0.319765
176 199 0.615757
180 99 0.562498
188 121 0.680536
190 118 0.303892
193 255 0.627123
195 116 0.228858
199 124 0.630053
200 113 0.232076
201 121 0.575572
217 125 0.414293
230 42 0.516622
231 128 0.651575
236 28 0.683675
238 134 0.429033
246 142 0.359517
249 221 0.680573
253 140 0.569327
254 152 0.190592
255 150 0.549008
256 147 0.193973
258 146 0.540790
260 44 0.487951
261 236 0.660836
267 155 0.420157
268 223 0.684901
270 159 0.506445
273 170 0.305203
277 157 0.532431
284 167 0.371956
286 169 0.527877
287 162 0.423065
288 163 0.675584
293 221 0.656135
299 174 0.585057
303 178 0.691856
305 72 0.557910
310 108 0.686244
313 186 0.547611
315 184 0.636398
316 249 0.586828
317 189 0.578812
319 191 0.636138
321 194 0.534956
327 200 0.676650
348 217 0.132461
357 219 0.493570
358 224 0.570476
367 225 0.303615
370 229 0.571243
373 230 0.589971
374 231 0.586267
376 236 0.681772
380 235 0.171344
381 233 0.355378
382 234 0.262922
383 237 0.313218
387 232 0.459380
389 245 0.315324
390 83 0.482568
391 147 0.601784
401 244 0.289528
409 231 0.497666
412 256 0.651494
416 159 0.696512
417 55 0.554089
421 279 0.577152
425 259 0.156925
427 278 0.434911
428 277 0.663446
436 258 0.587278
437 266 0.603315
440 271 0.389754
443 270 0.265598
446 284 0.498940
459 304 0.682973
467 73 0.569954
478 302 0.498654
483 296 0.503354
485 295 0.445067
488 313 0.301448
495 312 0.463096
496 318 0.341309
497 320 0.581284
500 336 0.527767
501 326 0.673881
505 334 0.668505
510 342 0.519302
511 343 0.437322
514 331 0.342718
515 73 0.669146
516 283 0.222570
518 347 0.672777
529 349 0.308604
534 199 0.652907
545 120 0.657252
547 190 0.502915
548 300 0.689905
551 84 0.599949
