32
2 86 0.670755
3 264 0.528229
13 60 0.508218
15 116 0.541015
22 167 0.586423
28 168 0.656087
29 168 0.669671
36 194 0.649987
39 200 0.674426
41 268 0.659227
59 225 0.383306
63 313 0.684431
75 178 0.631438
78 147 0.110577
81 10 0.685369
91 147 0.601492
93 4 0.626848
97 219 0.664702
116 119 0.632644
134 202 0.603686
170 321 0.654610
171 175 0.677360
177 264 0.570714
188 147 0.595544
191 126 0.642885
192 123 0.645895
193 147 0.443079
199 147 0.167189
206 337 0.679789
207 338 0.419668
213 341 0.672318
218 342 0.058461
