65
12 77 0.665657
13 251 0.647076
30 77 0.661199
48 452 0.657525
49 46 0.251695
56 87 0.576952
59 22 0.477039
60 163 0.458521
79 449 0.560250
84 231 0.585389
91 46 0.269863
97 28 0.347860
108 31 0.169495
145 186 0.528035
166 113 0.655933
175 111 0.582650
194 173 0.599457
201 28 0.579870
213 251 0.672132
214 17 0.618548
223 223 0.387445
234 206 0.649167
241 215 0.626552
249 216 0.629267
250 77 0.593219
251 223 0.233775
257 173 0.605858
258 28 0.587314
269 268 0.687727
297 310 0.665584
325 311 0.518386
326 316 0.564302
339 326 0.628256
343 28 0.627011
347 340 0.353073
350 345 0.500166
353 159 0.669839
354 354 0.649396
356 339 0.591586
365 394 0.583320
366 110 0.668781
367 28 0.527092
368 400 0.409484
375 392 0.557935
379 458 0.699136
387 417 0.336673
393 447 0.405133
398 444 0.457546
400 194 0.544571
409 194 0.656129
421 113 0.560143
439 505 0.542973
440 506 0.465758
451 452 0.408464
462 520 0.531651
464 454 0.448899
467 486 0.486379
471 465 0.628996
484 486 0.508308
486 458 0.441945
487 486 0.456422
490 486 0.395544
513 534 0.590502
514 533 0.689959
515 553 0.029977
