55
0 15 0.668330
10 192 0.627388
19 95 0.691912
22 38 0.640505
27 29 0.409350
59 3 0.643399
91 42 0.444000
92 1135 0.556222
94 92 0.659586
100 1168 0.614705
105 107 0.512242
109 109 0.569710
122 3 0.651845
157 341 0.679605
164 107 0.675407
170 87 0.653220
172 157 0.547247
200 611 0.643905
226 234 0.643624
227 84 0.685573
228 237 0.616411
246 256 0.667134
269 275 0.651103
284 165 0.623295
295 310 0.666213
306 415 0.440949
324 940 0.595828
325 940 0.694229
342 449 0.575800
355 940 0.658118
358 768 0.699831
376 932 0.525840
387 959 0.689085
416 165 0.385988
432 699 0.656519
489 1228 0.593371
490 602 0.683813
502 905 0.693205
504 916 0.594099
506 863 0.630644
518 970 0.516849
523 925 0.657019
528 925 0.687179
532 551 0.575799
536 657 0.687508
546 208 0.571772
555 598 0.573766
562 80 0.621532
577 1162 0.562102
584 493 0.551635
587 1212 0.501745
591 1231 0.455634
592 1169 0.238900
596 1227 0.529591
609 1239 0.000000
