88
38 203 0.688068
45 22 0.496838
50 137 0.488865
51 43 0.498686
53 25 0.336252
60 37 0.344373
61 42 0.547157
62 47 0.292114
63 61 0.286185
67 56 0.677488
68 57 0.592662
71 63 0.574581
72 62 0.376758
80 66 0.380415
81 131 0.564637
86 10 0.672142
97 61 0.660875
109 76 0.409121
111 77 0.470904
119 80 0.198129
121 81 0.637858
124 131 0.667449
125 84 0.311169
126 82 0.345136
132 206 0.501443
134 22 0.674674
142 209 0.623382
149 93 0.483114
159 216 0.640213
165 90 0.450243
170 92 0.521613
173 96 0.261788
178 100 0.672456
183 85 0.514742
187 108 0.371648
188 110 0.244558
189 111 0.566301
194 112 0.355068
204 116 0.610563
206 118 0.409829
209 121 0.319848
210 120 0.502939
213 123 0.547355
216 122 0.429390
224 167 0.639690
229 129 0.324053
234 131 0.204488
240 138 0.508988
241 135 0.444821
253 139 0.260243
254 140 0.690314
255 23 0.690676
265 143 0.280273
268 0 0.486496
271 144 0.629607
287 206 0.657345
304 149 0.249402
310 148 0.553140
312 177 0.259973
331 193 0.402995
336 154 0.545903
341 3 0.327698
342 4 0.625336
345 160 0.414724
347 162 0.538853
348 193 0.426622
349 161 0.608749
350 193 0.525336
352 193 0.512305
354 166 0.577639
360 171 0.401350
366 173 0.180149
367 179 0.450064
370 169 0.357749
373 182 0.515246
377 174 0.244087
380 213 0.425835
382 210 0.666109
383 210 0.685036
387 210 0.532880
388 210 0.320003
389 210 0.628601
394 210 0.634194
414 217 0.396068
418 47 0.687750
419 218 0.253734
420 218 0.285615
421 219 0.000000
