66
3 591 0.520412
9 20 0.663542
16 28 0.499693
18 55 0.540594
21 41 0.506239
34 35 0.182781
38 8 0.573836
46 585 0.553711
50 248 0.637723
53 65 0.396078
59 74 0.490833
60 118 0.530444
66 76 0.657290
72 74 0.416398
75 66 0.673749
84 59 0.606066
87 70 0.359450
111 98 0.578624
118 92 0.340208
122 481 0.634268
124 95 0.332453
127 162 0.620571
138 118 0.555915
139 149 0.574659
144 27 0.621715
152 120 0.487543
165 180 0.441851
166 591 0.640282
199 187 0.608822
203 189 0.278835
207 220 0.695013
208 75 0.615373
210 90 0.601113
217 199 0.521980
219 599 0.495594
228 342 0.638167
234 599 0.615225
239 88 0.610192
250 242 0.489965
254 126 0.660466
258 280 0.570233
262 300 0.587443
263 285 0.638423
264 591 0.415159
267 321 0.560609
274 338 0.534076
279 349 0.463054
288 393 0.530898
291 416 0.621469
292 393 0.696446
293 423 0.672159
294 591 0.641000
298 444 0.369949
299 445 0.653917
301 452 0.299688
302 451 0.675263
307 482 0.442545
308 483 0.367417
311 482 0.525978
312 483 0.599953
313 487 0.474629
315 486 0.456138
316 481 0.690426
317 485 0.517371
330 119 0.368683
332 596 0.291323
