159
5 19 0.677668
19 253 0.270685
40 49 0.518287
41 178 0.641880
43 683 0.616166
47 924 0.565023
64 34 0.597921
84 151 0.624849
86 519 0.625133
91 893 0.164442
97 146 0.615103
107 242 0.473918
111 844 0.519849
115 204 0.513139
127 196 0.593300
133 183 0.572910
155 206 0.627328
169 228 0.572527
178 256 0.263925
185 340 0.678508
192 275 0.477657
193 270 0.456192
203 589 0.643050
207 273 0.568515
211 150 0.569582
216 307 0.593852
225 303 0.528669
227 334 0.680588
239 138 0.645794
241 331 0.648521
246 329 0.687280
252 1087 0.694756
259 211 0.686251
267 355 0.624623
276 366 0.699152
301 367 0.626574
304 234 0.619834
325 396 0.534144
339 415 0.648315
340 406 0.559392
342 415 0.511626
355 774 0.521172
356 424 0.546092
358 426 0.493272
403 456 0.578126
418 466 0.474475
423 427 0.478802
424 207 0.673953
456 500 0.680640
457 503 0.614287
461 509 0.667995
481 774 0.546669
482 527 0.121456
487 253 0.685190
492 536 0.362392
502 561 0.635661
509 564 0.367063
510 566 0.480950
511 567 0.424288
521 577 0.641032
525 581 0.529242
527 582 0.491595
529 570 0.665021
536 583 0.530681
538 146 0.694205
548 663 0.694793
551 670 0.575947
552 204 0.622102
564 602 0.647585
565 603 0.393251
576 609 0.647998
579 601 0.592301
586 614 0.561478
593 563 0.634365
594 620 0.366406
598 884 0.681782
610 628 0.526013
613 922 0.682347
617 921 0.664053
620 642 0.431808
624 633 0.577217
633 119 0.692984
659 671 0.503176
663 858 0.651534
678 688 0.455342
679 689 0.698625
694 709 0.585355
715 713 0.401755
716 714 0.354993
729 720 0.478566
737 727 0.184908
747 735 0.664723
754 376 0.677254
772 427 0.525993
777 760 0.407378
786 758 0.358312
790 704 0.662804
792 921 0.661464
799 767 0.493918
800 768 0.359893
801 770 0.660932
804 670 0.693946
824 810 0.673746
842 633 0.414199
845 808 0.323052
846 838 0.474819
852 633 0.505200
855 737 0.558142
864 887 0.666254
868 427 0.547326
870 737 0.654038
896 889 0.607992
910 755 0.618807
929 882 0.351087
931 923 0.388854
944 927 0.562527
956 945 0.648127
977 737 0.627596
989 980 0.574214
1008 983 0.355443
1015 670 0.685364
1016 210 0.647378
1018 871 0.605602
1029 656 0.689151
1031 519 0.695637
1048 633 0.475194
1051 1022 0.609810
1054 633 0.645508
1055 634 0.664910
1056 633 0.603745
1061 884 0.556526
1062 633 0.488258
1064 633 0.444335
1070 884 0.479460
1071 633 0.486471
1072 893 0.420211
1079 670 0.687537
1106 663 0.674352
1114 1052 0.387573
1121 893 0.422674
1125 1063 0.691418
1143 1078 0.538752
1156 178 0.617367
1160 78 0.645014
1162 528 0.670529
1170 884 0.620079
1181 633 0.457504
1183 1120 0.645531
1187 633 0.428452
1188 573 0.648817
1191 922 0.579513
1193 774 0.528200
1200 922 0.614583
1208 87 0.672162
1229 623 0.567179
1234 1155 0.667146
1235 312 0.666055
1238 1156 0.095211
1239 1157 0.000000
