106
7 391 0.676961
16 341 0.368642
22 16 0.496957
27 14 0.501197
30 20 0.375190
34 18 0.608567
60 36 0.395360
82 77 0.624360
85 81 0.504920
92 85 0.689089
94 69 0.593448
96 85 0.514224
100 90 0.692819
105 93 0.499372
108 100 0.318217
109 88 0.403029
112 97 0.646888
122 226 0.463534
123 3 0.503980
125 111 0.623490
127 102 0.384461
129 110 0.313573
130 108 0.586934
134 117 0.510704
135 112 0.692507
136 105 0.637335
139 115 0.657980
141 123 0.403404
150 132 0.577074
151 127 0.514267
156 137 0.588920
160 141 0.261159
161 142 0.392118
162 143 0.270507
167 146 0.289349
170 150 0.382538
171 149 0.402881
173 145 0.696090
177 153 0.476907
180 157 0.290977
181 159 0.414615
186 166 0.554039
187 164 0.249614
189 415 0.461202
193 172 0.616232
196 380 0.581893
197 209 0.512629
199 179 0.288802
203 180 0.396916
204 182 0.404414
205 185 0.465775
209 191 0.248318
213 200 0.474569
219 208 0.255920
220 341 0.522921
221 211 0.662602
222 212 0.401963
223 214 0.579847
227 68 0.515835
228 226 0.680450
232 225 0.344773
240 69 0.477096
242 83 0.625963
244 236 0.645580
245 239 0.657443
249 249 0.472676
252 242 0.644838
253 237 0.568751
266 256 0.526553
267 77 0.555205
268 208 0.651348
281 281 0.467202
286 290 0.499092
287 99 0.671939
289 272 0.555635
291 278 0.416985
293 294 0.572774
296 309 0.629196
297 295 0.350412
298 297 0.519109
299 302 0.603538
301 282 0.411864
302 293 0.577443
306 307 0.595769
309 288 0.315840
311 299 0.348696
313 317 0.291492
314 301 0.181912
318 311 0.402792
319 315 0.639034
320 320 0.571582
325 332 0.665600
327 314 0.281382
330 323 0.274887
333 364 0.611305
334 322 0.258762
350 369 0.417235
351 201 0.698684
362 43 0.651157
363 417 0.688807
371 358 0.308815
373 364 0.388683
397 188 0.622353
400 188 0.671819
414 392 0.680599
418 421 0.000000
