86
5 8 0.586729
7 4 0.696189
9 8 0.662852
10 15 0.504157
13 230 0.513979
16 4 0.341123
24 118 0.624103
30 397 0.650307
33 74 0.622159
46 32 0.645467
47 236 0.652753
53 40 0.637880
58 92 0.477153
61 165 0.628655
64 400 0.671950
65 98 0.536661
67 27 0.579567
69 213 0.663926
72 316 0.670118
73 106 0.098660
81 280 0.639447
90 51 0.696893
93 102 0.499611
97 97 0.320292
99 115 0.453646
106 161 0.666188
112 101 0.549998
122 110 0.488215
128 114 0.263413
131 24 0.433768
134 4 0.648593
148 194 0.636423
149 113 0.452170
153 155 0.676949
157 58 0.654249
161 80 0.514848
165 418 0.616730
174 140 0.671613
200 364 0.642525
214 148 0.345706
221 172 0.235034
222 361 0.691851
228 32 0.674464
239 90 0.572048
244 79 0.513693
252 259 0.674549
255 248 0.692795
256 64 0.375263
276 192 0.335631
277 24 0.592007
286 127 0.611791
292 74 0.639460
294 209 0.317713
296 210 0.606251
300 219 0.617588
305 308 0.674129
306 216 0.651827
308 364 0.573837
322 118 0.445750
336 14 0.550710
359 64 0.288718
386 297 0.611447
410 413 0.622745
428 421 0.580277
444 74 0.542748
447 259 0.651647
463 363 0.311790
469 80 0.454499
472 106 0.402837
478 297 0.699290
488 318 0.699071
506 438 0.616587
511 369 0.545013
513 426 0.588349
514 452 0.687808
517 390 0.385302
519 160 0.699839
523 395 0.236923
525 369 0.600077
530 402 0.641596
536 380 0.542683
538 408 0.340190
549 455 0.682680
623 69 0.641618
638 515 0.046625
639 516 0.000000
