01.tga 02.tga 3.416706e+00 7.411279e-01 -1.753101e+03 2.723475e+00 3.891344e+00 -1.924155e+03 9.138850e-03 5.141370e-03 -4.193272e+00
02.tga 03.tga 1.321507e+00 -2.282379e-02 -5.006791e+02 3.296365e-01 1.112288e+00 -1.226257e+02 1.285985e-03 -1.085548e-04 5.126044e-01
03.tga 04.tga 1.151534e+00 -8.446488e-04 -3.037348e+02 1.159284e-01 1.038918e+00 -6.443275e+01 4.903932e-04 -1.873169e-05 8.712499e-01
04.tga 05.tga 1.314890e+00 -9.597997e-03 -4.990306e+02 2.885402e-01 1.110960e+00 -1.246700e+02 1.177572e-03 -9.627529e-05 5.542790e-01
05.tga 06.tga 1.337603e+00 2.313232e-03 -3.073069e+02 1.992078e-01 1.130840e+00 -4.631187e+01 8.526096e-04 -8.377068e-05 8.041588e-01
06.tga 07.tga -1.334372e+12 -1.925135e+14 2.953451e+16 -1.137816e+15 -9.706557e+13 7.392514e+17 -2.091492e+09 -3.017453e+11 4.629233e+13
07.tga 08.tga 1.543284e+00 -4.499373e-02 -6.385302e+02 5.911177e-01 1.182467e+00 -2.644870e+02 2.231377e-03 -1.487923e-04 7.816313e-02
08.tga 09.tga 2.840742e-01 5.229772e+00 -1.638468e+03 4.380131e-01 5.299504e-01 -4.830029e+02 4.358006e-03 7.838387e-03 -4.501496e+00
09.tga 10.tga 1.405201e+00 2.217979e-05 -5.367527e+02 3.027998e-01 1.191102e+00 -1.518575e+02 1.463874e-03 5.684330e-05 4.391090e-01
10.tga 11.tga 1.375949e+00 2.978978e-02 -3.794157e+02 2.126517e-01 1.183709e+00 -9.031312e+01 9.990381e-04 3.171310e-05 7.242459e-01
11.tga 12.tga 1.458090e+00 9.311608e-02 -3.425229e+02 1.912236e-01 1.257940e+00 -8.244690e+01 9.582539e-04 2.151886e-04 7.702558e-01
12.tga 01.tga 1.311152e+00 5.342744e-02 -4.544204e+02 2.242358e-01 1.217972e+00 -1.914032e+02 9.057698e-04 2.355593e-04 6.673949e-01
