254
34 11 0.514732
57 130 0.648976
80 3304 0.657712
111 40 0.553084
116 58 0.692727
172 129 0.682790
227 141 0.695281
351 1101 0.633834
364 148 0.605574
370 1444 0.654457
389 1704 0.496517
391 1705 0.657212
430 1955 0.634322
490 212 0.541894
578 327 0.698849
670 349 0.682905
689 1665 0.573553
741 476 0.695820
801 1670 0.646223
828 1048 0.664867
908 583 0.521216
910 1332 0.678329
1000 1143 0.698821
1034 645 0.470583
1054 22 0.628552
1059 100 0.645514
1183 1369 0.640831
1512 2054 0.679854
1625 1133 0.610909
1765 111 0.613349
1858 1538 0.689435
1881 1445 0.519377
1931 11 0.668489
1937 1503 0.425613
1968 1538 0.636053
1969 1540 0.597695
1977 1518 0.676694
1989 1567 0.261545
2028 1632 0.665102
2030 1649 0.233993
2031 1652 0.437425
2032 1660 0.257571
2033 1662 0.284769
2038 1674 0.262973
2050 1710 0.288078
2051 1722 0.417394
2053 1723 0.401677
2057 1729 0.433418
2058 98 0.629760
2061 1736 0.407903
2069 1755 0.514502
2081 1760 0.434495
2086 1764 0.524239
2094 1774 0.434711
2095 1772 0.514579
2100 1775 0.427854
2102 1766 0.548372
2109 1776 0.538328
2121 1141 0.680918
2140 1794 0.695829
2144 1799 0.366326
2151 1806 0.579186
2154 1812 0.347512
2156 1808 0.495609
2174 1836 0.605887
2191 1822 0.522918
2193 1815 0.559783
2198 1847 0.532189
2199 1845 0.453122
2200 1837 0.620227
2209 1848 0.545593
2215 2020 0.680530
2216 1828 0.389867
2228 1850 0.559072
2258 1878 0.662092
2290 1865 0.494550
2295 1970 0.662441
2298 1918 0.546380
2324 1908 0.651407
2336 1928 0.681300
2352 1665 0.667535
2357 1994 0.549626
2404 2005 0.634840
2455 1956 0.599999
2557 1704 0.469252
2582 2218 0.560460
2595 2219 0.389241
2605 2251 0.586677
2606 2234 0.555362
2613 2262 0.613942
2622 2263 0.416414
2630 3296 0.637726
2644 2264 0.554696
2650 2321 0.621823
2664 2168 0.632866
2670 2314 0.643983
2672 1803 0.607171
2685 2308 0.368941
2699 2323 0.611289
2700 2317 0.216648
2723 2354 0.493725
2730 2376 0.626004
2731 2377 0.407656
2739 2398 0.224504
2766 2379 0.632019
2810 2387 0.686987
2825 2435 0.523118
2845 2175 0.614314
2854 2516 0.401480
2856 2485 0.693378
2857 2475 0.657015
2865 2517 0.439180
2866 2476 0.656938
2899 2291 0.551148
2904 2544 0.477635
2905 2463 0.563377
2909 2527 0.589244
2923 2589 0.536545
2924 2579 0.411540
2926 2528 0.592077
2927 2775 0.695932
2932 2549 0.515235
2940 2551 0.683458
2964 2621 0.365944
2965 2613 0.379847
2967 2602 0.398780
2968 2580 0.644872
2971 2622 0.442833
2979 2581 0.261000
2984 3024 0.623208
2988 2648 0.660647
2989 2625 0.324105
3005 2649 0.475974
3010 2616 0.426957
3022 2566 0.440159
3041 2667 0.472451
3051 2604 0.600218
3058 2669 0.461787
3069 2659 0.408125
3071 2634 0.436018
3075 2740 0.415648
3077 2715 0.632279
3078 2697 0.570202
3081 2742 0.655873
3086 2733 0.442956
3095 2734 0.617186
3097 2692 0.350967
3106 2758 0.399514
3110 2661 0.593855
3115 2759 0.577680
3127 2806 0.530827
3142 2818 0.590128
3153 2777 0.609331
3154 3024 0.599945
3160 2760 0.464058
3161 2755 0.564519
3170 2820 0.695243
3176 2836 0.601168
3177 2808 0.568974
3178 2799 0.407668
3179 2756 0.520338
3188 2837 0.516765
3191 2745 0.582761
3197 2871 0.682126
3200 2770 0.442316
3204 2872 0.478716
3205 2821 0.588308
3209 2800 0.661344
3219 2772 0.543788
3227 2811 0.647546
3228 2786 0.341895
3229 2006 0.655120
3251 2822 0.572233
3257 2922 0.556385
3260 2828 0.582191
3265 2914 0.519720
3268 2845 0.412163
3281 2952 0.586845
3290 2852 0.176814
3291 2841 0.398815
3297 2954 0.406392
3298 2906 0.619603
3312 2987 0.587389
3318 2996 0.467815
3321 2915 0.699198
3322 2899 0.473808
3325 596 0.687892
3335 2893 0.565796
3349 2884 0.428511
3362 3045 0.578528
3364 2947 0.567697
3369 3040 0.677832
3394 2938 0.437971
3395 2933 0.559151
3397 2896 0.612009
3417 3054 0.554091
3423 3004 0.697857
3426 3032 0.641432
3433 3032 0.691853
3437 2990 0.599350
3438 2972 0.671069
3446 3019 0.635709
3447 3012 0.622655
3448 2973 0.489421
3453 1731 0.676345
3461 1745 0.694332
3471 567 0.655313
3472 622 0.624648
3474 3142 0.499739
3476 1752 0.674422
3483 1670 0.448418
3498 3097 0.497146
3500 3081 0.448604
3506 126 0.607220
3516 1738 0.563299
3551 3140 0.621306
3554 3140 0.695196
3557 1456 0.490401
3559 3199 0.607771
3569 1726 0.676938
3580 3261 0.687020
3581 3209 0.551105
3608 3130 0.690370
3613 3284 0.608421
3620 3263 0.606550
3628 3277 0.352338
3653 2896 0.514634
3659 3283 0.502475
3678 3278 0.625729
3679 3273 0.526630
3685 3337 0.105466
3688 3297 0.636676
3693 3309 0.519375
3720 3321 0.587458
3732 3321 0.697952
3754 3019 0.694879
3758 3369 0.651841
3783 3363 0.682690
3807 3373 0.117559
3808 3373 0.165665
3809 3373 0.207552
3815 3376 0.536854
3819 3382 0.662879
3820 3383 0.205434
3821 3391 0.670800
3828 3389 0.517613
3832 3391 0.423304
3833 3387 0.505007
3846 3399 0.676767
3849 3401 0.460048
3853 3407 0.521526
3855 3404 0.694894
3856 3404 0.414830
3857 3414 0.000000
