627
74 11 0.367659
75 12 0.533457
120 69 0.621154
122 176 0.693778
125 1933 0.685270
138 1073 0.660036
148 91 0.655753
170 140 0.668264
212 199 0.484935
218 133 0.682423
236 278 0.462850
301 1146 0.587718
308 275 0.561601
319 238 0.697826
334 342 0.505450
338 349 0.444334
377 273 0.685464
381 391 0.668696
382 400 0.480296
390 399 0.555255
393 4869 0.588540
400 348 0.533713
420 364 0.373862
450 463 0.418358
457 1606 0.601441
492 500 0.286329
516 513 0.634570
529 548 0.226194
540 546 0.595489
546 448 0.609582
558 555 0.435127
564 576 0.678820
572 602 0.469170
599 624 0.461571
601 680 0.553089
607 611 0.614663
619 635 0.425026
625 519 0.658984
644 622 0.460545
662 3489 0.696369
702 631 0.578380
712 608 0.332687
717 3560 0.416747
754 671 0.635060
766 670 0.553411
829 770 0.608823
863 789 0.611915
868 2233 0.579570
919 868 0.656320
949 2819 0.699454
960 1814 0.678110
972 934 0.445915
998 4547 0.678895
1006 933 0.590700
1045 1005 0.581674
1058 1017 0.511321
1059 1028 0.538451
1077 1047 0.406634
1086 1027 0.453820
1113 1089 0.252668
1129 1098 0.478653
1159 1127 0.413649
1179 1126 0.593131
1203 1157 0.386590
1242 1201 0.500302
1306 1292 0.490358
1311 197 0.342384
1321 1290 0.492890
1348 1336 0.462280
1375 1361 0.431438
1376 1370 0.657853
1447 4070 0.697098
1592 1614 0.436298
1640 1655 0.336588
1669 1688 0.660592
1699 1745 0.667753
1709 949 0.545583
1721 1761 0.616691
1724 1798 0.592706
1741 1773 0.591025
1747 1760 0.489160
1758 4759 0.636145
1776 1790 0.503253
1779 1854 0.584219
1811 1838 0.688271
1812 1870 0.632909
1813 1871 0.531949
1832 1890 0.360471
1840 1888 0.484689
1841 1889 0.374517
1847 1896 0.587798
1852 1895 0.393022
1880 1930 0.195406
1896 1946 0.396837
1920 1960 0.433697
1922 1961 0.501895
1926 429 0.677644
1934 1971 0.358937
1935 1980 0.321615
1943 4869 0.670582
1944 2004 0.531158
1950 1998 0.441461
1957 2003 0.563094
1966 2013 0.637458
1974 2012 0.228585
1975 2021 0.498941
1976 2031 0.190439
1993 2029 0.648272
1999 2028 0.616483
2001 2217 0.651933
2005 2039 0.355734
2006 2055 0.367804
2011 2071 0.471353
2024 2079 0.641100
2025 2089 0.633096
2039 4613 0.555642
2044 2103 0.397139
2048 2527 0.646332
2051 2087 0.366525
2093 2144 0.315871
2094 2160 0.585569
2096 2161 0.464099
2112 2172 0.553668
2116 2157 0.360295
2117 2158 0.291706
2118 2180 0.620392
2119 2181 0.584259
2127 2163 0.658270
2129 1594 0.643079
2142 1837 0.438841
2148 2187 0.314114
2156 2186 0.677524
2158 2220 0.568872
2185 2244 0.573236
2191 209 0.657357
2196 2249 0.293635
2198 2259 0.435774
2199 2260 0.404644
2200 2264 0.651283
2201 2280 0.466307
2202 2412 0.686846
2207 2255 0.692840
2208 2257 0.686776
2210 2276 0.642751
2218 2273 0.304939
2219 2274 0.510363
2231 2286 0.115956
2233 2288 0.672954
2241 2298 0.610903
2249 2251 0.675681
2253 2305 0.561669
2254 2312 0.324001
2263 2320 0.387594
2266 2328 0.436427
2267 1689 0.665858
2272 2310 0.504177
2273 2317 0.245642
2274 2318 0.497209
2282 2337 0.502469
2283 2333 0.580984
2290 2331 0.605637
2304 2348 0.215429
2305 2349 0.233484
2306 2351 0.473203
2307 2352 0.439997
2313 2345 0.245205
2314 2346 0.507462
2324 2360 0.696152
2345 2381 0.425327
2350 2501 0.667321
2351 2388 0.307308
2352 2389 0.362402
2355 2391 0.246196
2356 4830 0.699769
2360 2031 0.678094
2362 2393 0.170160
2375 2412 0.551286
2379 2409 0.244259
2380 2410 0.441298
2400 2425 0.200435
2402 4968 0.680211
2405 711 0.615671
2406 2430 0.293577
2407 2431 0.610615
2412 2437 0.445038
2413 2438 0.166088
2414 2439 0.388805
2427 2449 0.310514
2431 2457 0.266284
2442 2459 0.606865
2450 2470 0.324008
2454 2475 0.300931
2459 2542 0.695997
2471 2492 0.197195
2472 2493 0.551161
2474 4828 0.595581
2475 2497 0.549680
2476 2502 0.553798
2486 2501 0.264507
2490 2511 0.618898
2491 2511 0.243922
2502 2518 0.589677
2504 2520 0.577076
2511 2528 0.529748
2514 2532 0.522919
2525 2543 0.623214
2527 2546 0.389000
2532 2550 0.360979
2539 2557 0.685628
2540 2558 0.532326
2541 2559 0.418034
2542 2560 0.364669
2548 2571 0.377935
2549 2572 0.382121
2555 2576 0.334422
2557 2345 0.583553
2565 2588 0.638582
2573 2596 0.418859
2578 2610 0.452404
2579 2611 0.361133
2580 2612 0.417674
2581 2613 0.656944
2592 2648 0.548463
2621 2691 0.539239
2624 2685 0.666730
2661 2754 0.695333
2673 2772 0.371754
2674 2773 0.539926
2689 2797 0.669274
2697 2798 0.685846
2704 2820 0.677676
2712 2836 0.455788
2713 2837 0.291546
2714 2840 0.517212
2729 2873 0.509444
2733 2645 0.603975
2736 2874 0.671426
2744 2895 0.519464
2750 2905 0.559535
2754 2897 0.347933
2756 2877 0.552322
2761 2902 0.508313
2776 2935 0.500858
2777 2936 0.606595
2781 3482 0.455947
2796 2938 0.657240
2803 2965 0.444899
2806 2944 0.351544
2811 2945 0.458275
2813 2977 0.310055
2822 2968 0.604329
2827 2981 0.344184
2828 2973 0.269865
2836 3006 0.462632
2837 2990 0.599355
2839 2992 0.383960
2841 2983 0.362643
2847 3017 0.662351
2851 3018 0.217541
2852 3008 0.317039
2853 3011 0.540197
2855 2993 0.647665
2861 3035 0.406069
2871 3040 0.418819
2873 3012 0.645592
2877 3062 0.578694
2878 3050 0.575974
2879 3023 0.456954
2880 3024 0.307841
2886 3053 0.389812
2887 3042 0.354707
2892 3066 0.649202
2893 3054 0.416050
2896 3076 0.378972
2897 3067 0.520862
2900 3096 0.548536
2909 3097 0.442271
2915 3121 0.323641
2916 3098 0.644272
2917 3099 0.571586
2922 3133 0.620839
2924 3108 0.572305
2932 3123 0.480680
2933 3100 0.576343
2942 3125 0.564084
2948 3153 0.579892
2950 3145 0.509386
2959 3166 0.612616
2961 3137 0.235688
2969 3198 0.293919
2977 3168 0.378859
2978 3169 0.511737
2982 3206 0.340804
2983 3207 0.374352
2984 3186 0.680888
2985 3170 0.550102
2986 3171 0.481146
2993 3208 0.562607
2995 3209 0.572490
2997 3210 0.682128
2998 3200 0.577468
3001 436 0.682197
3010 3236 0.351097
3011 3221 0.536415
3012 3222 0.264379
3025 3264 0.577142
3027 3252 0.695675
3028 3239 0.418703
3032 3265 0.647797
3042 3266 0.529286
3061 3276 0.498255
3063 3261 0.552993
3072 3195 0.440534
3078 3304 0.663369
3079 3305 0.489800
3080 3306 0.466898
3083 3278 0.678889
3084 4591 0.503741
3088 3320 0.597932
3089 3321 0.264694
3092 3295 0.420309
3125 3337 0.499422
3128 3315 0.576570
3140 3366 0.686782
3141 3339 0.333827
3146 3377 0.647444
3149 3358 0.660953
3150 3340 0.390494
3158 3384 0.446227
3159 3385 0.698692
3177 3393 0.375126
3180 3387 0.491050
3182 4304 0.390768
3191 3400 0.623896
3202 3421 0.552858
3212 3449 0.575201
3220 3438 0.335979
3223 3408 0.638604
3231 3440 0.359355
3232 3441 0.537741
3233 3433 0.550208
3234 3417 0.584002
3261 3423 0.475404
3262 2914 0.694386
3274 3500 0.402816
3283 3520 0.621916
3284 3509 0.520648
3291 3487 0.627154
3299 3533 0.488015
3301 3521 0.650600
3302 3502 0.645196
3303 3476 0.454775
3304 3478 0.653126
3309 3522 0.381739
3311 3523 0.671568
3313 3494 0.471976
3319 3524 0.531693
3320 3489 0.594230
3325 3548 0.696217
3326 3503 0.621592
3339 3541 0.342762
3348 3553 0.211766
3351 3530 0.639289
3353 4304 0.447450
3358 3576 0.305953
3384 3578 0.401882
3385 3579 0.413506
3399 3601 0.292174
3400 3580 0.391135
3413 3638 0.582933
3423 3628 0.523313
3434 3660 0.237508
3435 3640 0.410007
3436 3620 0.562654
3437 3608 0.479471
3447 3688 0.685220
3448 3650 0.523577
3472 3642 0.460822
3473 3630 0.661411
3480 3694 0.538899
3492 3700 0.411502
3493 3695 0.527116
3498 3733 0.377347
3499 3701 0.670342
3505 3751 0.567352
3520 3734 0.692520
3521 3735 0.688163
3522 3736 0.660058
3536 3759 0.311941
3537 3725 0.691279
3538 3696 0.429949
3558 3787 0.466397
3561 3719 0.557535
3563 3551 0.546476
3567 3807 0.344644
3570 3780 0.628044
3572 3744 0.596005
3597 3789 0.498127
3603 3832 0.412639
3616 1520 0.457952
3621 3866 0.605673
3622 3825 0.644173
3635 3834 0.581090
3652 3847 0.531524
3653 3826 0.593052
3654 3811 0.543337
3656 4070 0.672558
3660 3896 0.376709
3661 3876 0.616338
3662 3848 0.619840
3668 3897 0.354597
3670 3858 0.498463
3679 3887 0.380729
3684 3935 0.397737
3686 3930 0.448072
3696 3912 0.653100
3698 3904 0.519751
3699 3889 0.363258
3710 3945 0.587839
3713 3879 0.409999
3714 3850 0.579023
3724 3946 0.590524
3725 3947 0.671455
3726 3907 0.522302
3738 3898 0.574649
3746 3962 0.622529
3748 3914 0.634532
3756 3917 0.368998
3757 3908 0.577464
3762 3970 0.338513
3763 3939 0.295750
3769 4003 0.407454
3771 3949 0.527791
3772 3940 0.522262
3779 3980 0.620383
3791 4022 0.320978
3799 4014 0.189977
3801 3981 0.549388
3802 3972 0.307520
3805 3942 0.383867
3814 3997 0.314111
3823 4005 0.400657
3831 4037 0.392793
3834 4015 0.682584
3839 4092 0.322049
3852 4084 0.502982
3856 2156 0.675639
3862 4094 0.471849
3863 4073 0.298757
3868 105 0.642379
3873 258 0.632604
3880 4075 0.564656
3889 4077 0.356196
3892 3196 0.521393
3898 4085 0.634801
3902 4166 0.699743
3903 4161 0.549478
3917 4167 0.554808
3926 4142 0.651649
3927 4689 0.683127
3929 4119 0.545834
3930 4079 0.266182
3931 4080 0.528105
3936 4109 0.504292
3938 4101 0.415404
3942 4143 0.448226
3945 3195 0.562071
3954 4111 0.489146
3959 4193 0.452026
3974 4244 0.594693
3976 4216 0.601454
3980 4125 0.364864
3984 4177 0.534979
3994 4246 0.556389
3996 4187 0.482926
4009 4178 0.476967
4016 4247 0.609528
4019 4194 0.544685
4020 4169 0.300393
4025 4239 0.574517
4026 4170 0.653528
4037 4230 0.520551
4045 4280 0.340552
4049 4281 0.678243
4050 4256 0.679295
4051 4248 0.521045
4066 4345 0.292572
4067 4307 0.470706
4074 4260 0.577903
4075 4225 0.671575
4079 4341 0.492240
4080 4308 0.418216
4081 4295 0.297391
4102 4257 0.259359
4103 4249 0.408026
4112 4329 0.500594
4117 4400 0.581464
4118 4373 0.652837
4119 4352 0.467547
4124 4353 0.645977
4125 4331 0.329491
4134 4401 0.641731
4135 4384 0.517983
4140 4385 0.383738
4141 4363 0.454986
4142 4320 0.605111
4148 4438 0.469899
4150 4364 0.684968
4155 4447 0.699384
4157 4321 0.541021
4165 4429 0.566255
4166 4386 0.514182
4171 4421 0.378428
4173 4413 0.456625
4177 4322 0.652005
4182 4485 0.668123
4183 4439 0.603072
4185 4365 0.638006
4186 4346 0.453373
4190 4422 0.694924
4195 4500 0.536981
4205 4508 0.460329
4206 4431 0.487059
4224 4487 0.214290
4227 4395 0.630037
4228 4376 0.421179
4234 4469 0.444764
4235 4442 0.432959
4244 4502 0.627599
4259 4576 0.688144
4260 4509 0.541564
4269 4452 0.359085
4270 4425 0.546487
4282 4565 0.611220
4283 4537 0.473632
4285 3235 0.336078
4286 3545 0.553070
4290 4577 0.493515
4291 4550 0.309421
4296 4512 0.298904
4304 4574 0.331574
4305 4552 0.520170
4306 4488 0.351713
4313 4619 0.558431
4320 4605 0.456926
4329 4517 0.677120
4332 4672 0.669249
4333 4698 0.684413
4334 4627 0.663992
4335 4606 0.440016
4343 4592 0.396647
4344 4579 0.663559
4345 4560 0.583468
4356 4709 0.591315
4364 4641 0.411759
4367 4662 0.481833
4369 4595 0.690237
4376 4693 0.657033
4382 4699 0.455872
4383 4700 0.596542
4384 4682 0.626870
4391 4701 0.363421
4392 4683 0.426441
4393 4675 0.545435
4395 4676 0.499221
4399 4684 0.686713
4404 4710 0.405793
4406 4677 0.299616
4410 4753 0.464172
4412 4717 0.505224
4413 4644 0.677966
4414 4944 0.549641
4420 4738 0.423127
4421 4739 0.445446
4425 4732 0.691260
4433 4756 0.591145
4434 4779 0.559088
4437 3482 0.690763
4439 2645 0.598288
4440 4763 0.536108
4442 4767 0.605526
4445 4787 0.317600
4448 4776 0.572786
4449 4777 0.351967
4454 4788 0.567927
4455 4804 0.546449
4457 4801 0.643274
4458 4796 0.527052
4459 4797 0.314170
4463 4792 0.551282
4465 4449 0.489221
4467 4815 0.617384
4469 4798 0.594351
4472 4791 0.677294
4473 4822 0.648358
4481 4869 0.333114
4490 4799 0.596518
4496 4855 0.424786
4498 4826 0.544988
4501 4839 0.689774
4508 4856 0.480592
4510 4830 0.464397
4511 1520 0.421807
4512 4858 0.469541
4514 1825 0.693215
4522 4832 0.640758
4525 2914 0.523427
4526 4914 0.556004
4529 4933 0.696893
4532 4935 0.457818
4536 4891 0.668619
4543 4906 0.513453
4548 1645 0.273578
4550 4902 0.464021
4551 4880 0.657900
4556 949 0.665069
4564 4979 0.670163
4566 4963 0.479739
4570 4979 0.222766
4573 4986 0.532368
4577 4997 0.637138
4585 5011 0.440509
4586 5019 0.664748
4587 5017 0.680836
4588 5016 0.608549
4589 5012 0.129074
4593 5014 0.582214
