253
0 1 0.136780
5 454 0.462131
6 226 0.441284
7 229 0.545770
15 255 0.628244
17 268 0.372165
25 279 0.514681
29 290 0.671687
33 299 0.478939
36 307 0.607925
38 304 0.451695
42 311 0.244939
46 323 0.567523
50 333 0.528742
53 350 0.534608
55 366 0.535858
59 390 0.603593
60 28 0.688073
61 392 0.539808
65 498 0.627275
66 407 0.646442
68 406 0.337023
69 413 0.488459
78 426 0.487138
79 440 0.478517
80 436 0.492231
83 449 0.544154
84 446 0.433849
87 456 0.463444
93 460 0.676254
94 464 0.644681
100 476 0.568449
101 480 0.510955
103 483 0.591215
104 489 0.689431
116 508 0.595640
121 517 0.369684
131 544 0.380480
135 553 0.507811
159 594 0.524496
163 605 0.313487
170 625 0.660877
176 630 0.641851
178 643 0.413113
180 642 0.320302
183 651 0.421950
188 640 0.610124
204 439 0.513329
206 682 0.635335
207 693 0.661801
217 700 0.607192
218 1949 0.681623
223 498 0.613893
224 731 0.335511
225 732 0.611832
231 722 0.433410
232 729 0.400144
240 754 0.427657
241 755 0.537968
244 770 0.356512
258 781 0.624424
263 794 0.366870
264 803 0.556781
270 832 0.498595
278 833 0.498679
283 840 0.549098
287 344 0.627141
305 867 0.336532
309 871 0.536483
310 885 0.625998
313 897 0.556376
325 895 0.678940
327 919 0.628154
353 963 0.517814
372 984 0.402577
376 999 0.614613
377 1674 0.684183
379 1001 0.454015
399 1026 0.684040
403 1025 0.581569
411 1047 0.494179
415 1041 0.632288
430 1066 0.676774
434 1075 0.541507
443 1085 0.598917
445 1088 0.343729
446 1089 0.489997
449 1097 0.699570
481 1909 0.547986
484 108 0.665574
486 1139 0.609876
494 1159 0.571122
503 1156 0.564402
505 1157 0.695945
548 1205 0.309835
567 1212 0.532500
578 1237 0.658273
584 1259 0.553872
608 1281 0.648662
635 1308 0.629396
640 1313 0.666161
641 1314 0.666084
659 1330 0.483228
720 1370 0.517732
733 127 0.563946
742 1389 0.382402
743 1390 0.441752
764 1947 0.496083
766 1403 0.202960
767 1398 0.698621
770 1404 0.357901
778 1407 0.547596
800 1412 0.271200
801 1413 0.319002
816 1417 0.263260
819 1420 0.458327
837 1425 0.408410
838 1426 0.653178
840 1429 0.272644
849 1433 0.292207
854 1434 0.472032
864 1447 0.285581
868 1444 0.327494
882 1449 0.675638
887 1454 0.596469
888 1452 0.605195
898 1458 0.654268
904 1459 0.658278
906 1462 0.649696
908 1464 0.501768
909 1465 0.651886
910 1461 0.546651
911 1521 0.518237
937 1472 0.385172
962 1487 0.271033
963 1488 0.482295
968 1489 0.220333
973 1490 0.398340
977 31 0.697619
986 1499 0.165945
988 1501 0.625793
996 1577 0.670640
997 1508 0.672429
1003 639 0.605059
1004 1512 0.396581
1005 1509 0.201283
1006 1505 0.334149
1011 1513 0.257510
1014 1514 0.300853
1016 1510 0.459784
1019 1515 0.443493
1038 31 0.631799
1044 1038 0.581999
1045 1536 0.425633
1064 1561 0.685692
1095 28 0.693231
1097 1608 0.501755
1104 31 0.686130
1105 28 0.676404
1111 1628 0.223473
1115 1632 0.395776
1116 1633 0.623474
1120 1634 0.508206
1121 1638 0.539699
1123 1639 0.667558
1130 1646 0.653097
1131 1650 0.641996
1133 1647 0.688777
1135 1650 0.641053
1141 1655 0.684271
1143 1656 0.389360
1145 1657 0.282755
1150 1668 0.338945
1152 1684 0.672314
1153 1664 0.406442
1155 1669 0.634532
1158 1679 0.667839
1162 1684 0.620878
1166 1681 0.436936
1167 1682 0.657038
1172 1689 0.689760
1175 1694 0.667865
1176 1695 0.613696
1181 1709 0.184116
1183 1710 0.283851
1184 1713 0.188918
1186 1688 0.670976
1187 454 0.367038
1188 1722 0.587932
1190 1726 0.664676
1191 1732 0.630066
1192 1717 0.457808
1201 1743 0.479817
1202 1758 0.515340
1205 1749 0.254561
1214 1768 0.464336
1218 1788 0.674538
1220 1787 0.376603
1247 1835 0.590833
1248 1832 0.651304
1250 1624 0.663705
1252 1842 0.301340
1256 1880 0.636044
1260 1889 0.483991
1263 1068 0.677295
1270 1898 0.342207
1271 1899 0.697815
1276 1906 0.555968
1278 1910 0.493433
1290 1917 0.594236
1302 1924 0.648533
1303 1921 0.597109
1316 1933 0.603356
1317 1931 0.684082
1325 1940 0.421041
1338 1951 0.632765
1341 1950 0.490086
1351 1958 0.445907
1357 1956 0.427000
1362 1957 0.367708
1365 1963 0.613779
1372 1988 0.430970
1373 1975 0.459640
1385 1990 0.589556
1389 1998 0.450474
1394 1995 0.483287
1407 2003 0.474757
1417 2014 0.366516
1426 2004 0.570712
1430 2027 0.343629
1442 2046 0.646665
1444 2049 0.536998
1448 2058 0.501529
1450 2035 0.447326
1451 2030 0.655893
1454 527 0.684390
1458 2068 0.406991
1481 2077 0.608650
1534 2121 0.653716
1540 2134 0.515821
1546 2143 0.635413
1547 2145 0.690868
1551 2125 0.668913
1556 2127 0.632591
1557 2129 0.617092
1560 2152 0.699371
1561 2159 0.551781
1562 2156 0.606203
1566 2155 0.624332
1568 2158 0.467992
1575 2156 0.522007
1576 2147 0.570543
1579 2160 0.000000
