94
20 4 0.557093
22 90 0.524212
98 1562 0.675874
147 1982 0.626027
379 592 0.684643
428 640 0.653883
583 659 0.693913
647 1340 0.681350
694 508 0.689130
754 1962 0.680066
952 1656 0.645122
964 1271 0.557196
997 1730 0.640983
1094 205 0.633285
1140 1722 0.628233
1275 969 0.562959
1392 931 0.580556
1451 1791 0.699317
1452 1792 0.492798
1506 1844 0.689483
1575 1909 0.608699
1709 2069 0.541789
1710 2070 0.328443
1718 2227 0.575890
1725 2426 0.679110
1764 2116 0.475061
1771 2136 0.671504
1791 1722 0.469490
1801 286 0.633133
1829 2485 0.567128
1852 3052 0.650216
1863 1819 0.661174
1868 1156 0.644218
1871 3420 0.632680
1895 1156 0.685079
1921 2895 0.514302
1925 3715 0.498249
1939 2674 0.578123
1942 2732 0.590621
1946 2709 0.599278
1983 2844 0.524480
1987 784 0.697316
2017 1512 0.566061
2031 3371 0.663810
2033 2912 0.663849
2060 2967 0.643515
2061 2939 0.490984
2062 2915 0.492450
2070 2708 0.557868
2071 3503 0.619576
2093 3021 0.323219
2104 2996 0.641755
2114 3049 0.508439
2137 3113 0.452062
2143 3115 0.464415
2151 1867 0.687912
2188 3220 0.656347
2197 3231 0.411902
2200 3222 0.617030
2204 3223 0.628859
2205 3205 0.390840
2213 3240 0.496194
2230 3295 0.590268
2234 3311 0.646050
2239 3279 0.337864
2280 3384 0.658323
2283 2292 0.697346
2289 3366 0.420437
2290 3360 0.699633
2293 3363 0.684459
2296 3364 0.328757
2298 3427 0.677835
2299 3385 0.660767
2302 3386 0.511439
2311 3445 0.465678
2324 3427 0.415745
2344 3479 0.648771
2345 3465 0.591023
2347 3552 0.649272
2352 3510 0.621138
2368 3502 0.692190
2458 3576 0.667821
2471 3652 0.496573
2499 3685 0.519214
2532 3662 0.698458
2577 3754 0.688725
2578 3761 0.599764
2581 3761 0.553348
2607 3789 0.682560
2609 3790 0.631210
2610 3786 0.632783
2612 3779 0.692172
2613 3780 0.469741
2617 3792 0.000000
