216
4 2734 0.668215
41 19 0.687624
48 2257 0.521517
96 2597 0.524154
150 200 0.640122
224 327 0.502838
237 3562 0.656784
239 43 0.615886
242 373 0.670993
245 3522 0.639322
251 458 0.664550
253 541 0.698371
266 457 0.602322
294 622 0.610487
305 535 0.636290
306 550 0.357923
328 585 0.557943
345 594 0.669858
348 532 0.591594
380 764 0.692164
407 694 0.602189
482 2096 0.691193
506 836 0.665712
523 883 0.480927
524 902 0.610969
606 100 0.652272
642 43 0.600485
646 1037 0.550991
651 296 0.693711
658 3395 0.680772
681 1089 0.309539
742 1252 0.657555
752 3520 0.656929
783 3287 0.616079
796 1288 0.563788
806 1270 0.490584
830 1317 0.579728
869 1344 0.620516
876 1406 0.656673
887 1394 0.495656
984 1514 0.604447
985 1515 0.474686
987 1710 0.698364
993 1505 0.643299
997 1567 0.694216
1001 3063 0.670397
1021 1593 0.461515
1036 1607 0.660289
1071 1650 0.580657
1073 2740 0.622653
1083 1631 0.546368
1111 1704 0.670801
1121 1668 0.485256
1122 1669 0.642400
1125 3115 0.630270
1144 3338 0.348799
1161 1752 0.433471
1177 1751 0.666824
1186 1740 0.665988
1199 1770 0.407690
1218 3446 0.669231
1236 1794 0.495130
1240 1024 0.684457
1270 1847 0.607803
1296 1919 0.623522
1316 1213 0.697855
1339 1957 0.689080
1340 1939 0.693178
1364 1946 0.555225
1370 336 0.599488
1388 1997 0.595471
1395 1986 0.561966
1426 2371 0.683864
1455 2075 0.542605
1483 2080 0.512940
1512 2120 0.635500
1521 2103 0.418249
1554 2150 0.586223
1574 2193 0.652821
1580 2165 0.533552
1617 2201 0.653764
1641 2245 0.389120
1643 2273 0.497114
1650 2259 0.311707
1654 3520 0.501214
1663 2242 0.671191
1681 2305 0.533667
1686 2294 0.323026
1693 2310 0.470456
1741 2341 0.515887
1754 3283 0.606057
1768 2366 0.163947
1770 2384 0.419466
1782 2381 0.457908
1784 2402 0.565284
1792 2375 0.651777
1797 2380 0.692080
1798 2399 0.371392
1804 2395 0.695009
1805 2396 0.368924
1806 2397 0.640423
1808 2404 0.230119
1837 2431 0.279243
1841 2429 0.429367
1847 2439 0.353889
1859 2446 0.382849
1860 2447 0.486032
1861 2458 0.581670
1882 2456 0.389635
1883 3321 0.624442
1886 2467 0.444314
1907 2475 0.498647
1908 2483 0.434235
1909 2476 0.695320
1916 2491 0.511666
1926 2498 0.296136
1932 2506 0.671034
1941 2513 0.496584
1942 2515 0.149918
1946 2519 0.342403
1947 2520 0.517182
1961 1872 0.698249
1964 237 0.645347
1973 2542 0.625852
1974 2551 0.376724
1977 2552 0.364380
1987 2555 0.602093
1988 2563 0.280967
1989 2564 0.273779
1997 2582 0.210591
2001 2591 0.316345
2004 2588 0.677893
2019 2599 0.683495
2023 2605 0.519475
2024 2606 0.315527
2025 2607 0.582537
2026 2610 0.537211
2031 2608 0.526766
2032 2619 0.378307
2038 2628 0.443478
2039 2629 0.341908
2049 2637 0.646453
2050 2638 0.254373
2051 2639 0.296336
2056 2646 0.429176
2074 2656 0.377849
2087 2660 0.604045
2088 2662 0.429639
2094 2667 0.281811
2098 2669 0.305394
2107 2671 0.551136
2111 2673 0.216542
2112 2674 0.174597
2117 2676 0.450151
2124 2678 0.616607
2148 2691 0.237923
2154 2694 0.200377
2155 3338 0.687862
2164 2695 0.107065
2166 2696 0.220031
2167 2697 0.392479
2176 2699 0.214318
2181 2701 0.442365
2182 2702 0.325855
2184 64 0.682418
2188 2709 0.699872
2190 2707 0.182645
2195 2708 0.277702
2202 2711 0.275484
2215 2717 0.335010
2216 2719 0.515741
2221 2718 0.533305
2222 2720 0.500870
2258 2737 0.318648
2261 2642 0.648952
2275 2734 0.699760
2278 2880 0.656314
2286 2977 0.659071
2298 3069 0.648364
2301 3062 0.653621
2305 2740 0.603128
2311 2894 0.445162
2317 3559 0.567175
2329 3293 0.517002
2332 3261 0.434430
2335 3310 0.507559
2345 3339 0.519360
2359 3384 0.469283
2407 3588 0.638218
2442 3602 0.494622
2461 3622 0.508656
2476 3661 0.574414
2486 3649 0.592615
2495 3672 0.638700
2508 3673 0.541682
2511 3676 0.539126
2513 3722 0.613629
2520 3670 0.615252
2534 2748 0.570748
2575 3713 0.668939
2578 3709 0.678334
2591 3728 0.570829
2602 3723 0.643012
2634 1778 0.683436
2642 3737 0.372237
2644 3740 0.692419
2646 3740 0.671645
2647 3740 0.686301
2649 3742 0.081779
2650 3742 0.057577
2662 3746 0.655224
2663 3745 0.676087
2667 3750 0.447035
2682 3758 0.627310
2684 3760 0.350540
2687 3763 0.000000
