194
1 5 0.168705
6 8 0.657522
9 45 0.535273
11 54 0.671762
12 2227 0.606199
14 624 0.682767
20 71 0.643955
28 103 0.370385
31 102 0.586465
32 101 0.454846
38 116 0.339416
43 44 0.630101
46 128 0.579797
68 82 0.618370
74 222 0.496151
89 139 0.482708
102 164 0.413451
104 152 0.657488
110 188 0.449302
118 2290 0.668760
121 209 0.663438
130 202 0.674325
137 224 0.653533
148 52 0.616783
169 203 0.595497
171 321 0.250905
175 284 0.504276
188 283 0.668853
191 344 0.694825
201 369 0.455342
204 386 0.472910
218 379 0.580259
221 426 0.662503
232 462 0.510528
236 435 0.691392
284 520 0.659876
291 551 0.540595
301 462 0.684426
302 1728 0.503012
312 624 0.688179
344 1480 0.455788
375 1392 0.611409
418 2536 0.551349
436 26 0.332565
495 926 0.459125
501 406 0.542777
508 1626 0.665918
538 999 0.620073
601 1041 0.688147
608 1063 0.673382
609 1064 0.693417
620 769 0.677167
622 1090 0.467947
630 2296 0.683030
635 2221 0.691381
709 777 0.616875
761 743 0.656058
773 1234 0.547938
825 1310 0.635569
837 1301 0.644639
851 1392 0.592459
893 1401 0.580582
900 1357 0.699631
929 506 0.656162
947 1412 0.585251
949 1395 0.433457
976 18 0.625851
995 1429 0.606946
1018 2460 0.691647
1032 1470 0.665993
1119 1508 0.664578
1121 1423 0.496233
1125 1510 0.678666
1224 602 0.693553
1270 801 0.679053
1276 1967 0.696739
1296 1613 0.553201
1302 2257 0.627630
1332 261 0.687494
1350 522 0.674360
1392 91 0.647201
1442 1670 0.561815
1485 1542 0.601896
1492 1675 0.654406
1504 1676 0.456532
1522 1682 0.674451
1546 1691 0.603351
1556 1704 0.320227
1564 2120 0.650432
1573 1713 0.421849
1594 2337 0.647360
1614 1750 0.652115
1620 1752 0.673864
1625 1756 0.340672
1636 1765 0.284329
1642 1095 0.677853
1644 1770 0.570161
1646 1764 0.517235
1658 1784 0.375220
1659 1785 0.385046
1680 2230 0.686229
1685 1769 0.585932
1694 1095 0.661426
1699 1814 0.607678
1702 1812 0.547693
1715 1830 0.606627
1716 1828 0.372505
1718 1832 0.371178
1720 1823 0.577272
1722 2347 0.672837
1723 1834 0.565469
1730 1840 0.267114
1736 1848 0.360145
1737 1849 0.543461
1744 1866 0.686924
1759 130 0.682980
1760 1886 0.671453
1765 1881 0.452758
1767 1888 0.468644
1775 1894 0.413547
1776 1899 0.503526
1777 1895 0.569710
1778 1903 0.574890
1781 1898 0.629080
1784 1909 0.686736
1785 1905 0.403631
1791 1919 0.670376
1796 1924 0.224738
1799 1930 0.630754
1800 1916 0.483060
1803 1935 0.505007
1804 1934 0.574463
1807 1943 0.511466
1810 712 0.628421
1815 1959 0.488749
1817 1951 0.285675
1818 1952 0.635768
1820 1944 0.647623
1821 1941 0.454191
1822 1954 0.630368
1834 1964 0.653521
1838 1972 0.537606
1843 1986 0.435325
1844 1981 0.460094
1851 1988 0.330482
1852 2008 0.680803
1855 2009 0.432019
1856 1994 0.328593
1857 2010 0.346130
1858 2011 0.289022
1859 1995 0.416629
1860 1996 0.697849
1863 1998 0.683656
1864 2015 0.519881
1865 1991 0.624158
1866 2028 0.288738
1870 2029 0.530551
1871 2030 0.494126
1874 2041 0.572811
1876 2045 0.578066
1879 2056 0.634910
1880 2177 0.686329
1884 2063 0.653039
1885 2057 0.417056
1886 2058 0.488129
1895 1728 0.561517
1898 115 0.654570
1900 2123 0.696740
1901 2081 0.591117
1908 2094 0.681588
1912 2101 0.677879
1914 647 0.611408
1937 2533 0.603642
1954 2235 0.478736
1969 2265 0.575895
1977 2270 0.539226
1984 2303 0.416885
2013 2313 0.466259
2014 2536 0.596336
2017 2536 0.497419
2018 2394 0.549417
2025 2389 0.676836
2037 2403 0.611626
2042 2454 0.615599
2048 2399 0.666547
2054 2408 0.625575
2056 2419 0.607641
2064 2429 0.509726
2113 2538 0.620320
2120 2576 0.688369
2148 2612 0.653930
2150 2605 0.656069
2154 2614 0.653290
2160 2617 0.000000
