581
7 4097 0.617910
11 2539 0.610581
72 586 0.638310
76 137 0.649858
108 117 0.653563
109 176 0.439458
162 51 0.689250
165 1840 0.617239
181 273 0.694583
186 265 0.643591
196 260 0.686261
197 2596 0.605963
211 3645 0.683166
218 123 0.546564
229 101 0.691172
256 322 0.636271
285 361 0.588911
300 2472 0.692701
312 2175 0.655401
346 389 0.649801
347 2774 0.688352
437 387 0.683598
465 416 0.588327
504 469 0.656035
525 2396 0.666341
563 632 0.403433
573 586 0.506455
574 631 0.570841
617 659 0.636115
628 676 0.693106
674 681 0.698996
703 669 0.492587
704 729 0.621546
731 762 0.521654
764 819 0.518333
831 883 0.465797
859 795 0.657378
866 2256 0.558798
885 949 0.653626
892 947 0.295899
893 948 0.458759
914 956 0.538337
932 965 0.526266
940 964 0.489868
955 903 0.621141
972 23 0.596530
1053 1105 0.667901
1083 586 0.682393
1107 4785 0.613353
1188 1223 0.390134
1268 19 0.676231
1338 2425 0.669777
1344 2256 0.545575
1417 4097 0.616624
1428 2474 0.697355
1482 4043 0.698313
1485 94 0.692946
1498 1522 0.564401
1532 1543 0.604046
1649 388 0.610865
1701 1722 0.689527
1708 1671 0.653943
1824 1838 0.417892
1877 1865 0.503500
1878 1878 0.585706
1905 1893 0.526056
1925 1932 0.455388
1951 1900 0.648623
1968 1978 0.451624
1977 1975 0.642904
1979 1994 0.345634
1985 2000 0.500270
1997 2256 0.559670
2002 1999 0.692115
2010 2017 0.406291
2016 1997 0.690044
2019 2011 0.603232
2020 2030 0.483412
2032 2016 0.620119
2035 2036 0.603491
2038 2046 0.384790
2050 453 0.665552
2053 2035 0.523912
2054 2055 0.694856
2082 2102 0.418139
2107 2105 0.662095
2115 2116 0.375974
2129 2138 0.540449
2138 2125 0.679273
2140 2154 0.562023
2148 2147 0.544435
2169 2183 0.531873
2190 2203 0.652269
2204 130 0.699466
2215 2256 0.613260
2228 2233 0.583686
2235 2240 0.391542
2236 2241 0.649406
2247 2239 0.489892
2261 2257 0.251395
2294 2293 0.580802
2303 2300 0.558383
2309 2319 0.480068
2321 2317 0.241724
2323 2322 0.188006
2329 2330 0.267160
2339 2332 0.440600
2363 2353 0.182290
2373 2358 0.415733
2374 2359 0.311087
2375 2361 0.341895
2380 2365 0.330471
2408 2395 0.313289
2423 2412 0.216109
2427 2417 0.626849
2429 2421 0.382762
2432 2420 0.564282
2449 2397 0.668472
2453 2434 0.341570
2455 4525 0.678431
2461 2440 0.110624
2462 2441 0.357132
2463 2442 0.338809
2467 2439 0.400198
2468 2445 0.331601
2484 2448 0.656419
2485 2454 0.475915
2488 2455 0.196271
2490 2458 0.165039
2491 2459 0.314382
2495 2386 0.607481
2496 2462 0.318365
2509 2463 0.411900
2510 2464 0.509194
2523 2469 0.360419
2531 2471 0.121470
2539 2477 0.147318
2540 2478 0.350023
2541 2479 0.420734
2549 2482 0.344109
2554 2487 0.236544
2567 2493 0.479229
2568 2494 0.328111
2570 2496 0.537178
2574 2500 0.614597
2575 2501 0.155464
2578 2507 0.605856
2582 2511 0.401565
2584 2512 0.437345
2585 2514 0.201365
2593 2522 0.190134
2594 2523 0.164151
2599 2528 0.546310
2600 2530 0.661640
2601 2531 0.529209
2615 2541 0.216205
2616 2542 0.270592
2618 2543 0.192428
2619 2524 0.575283
2627 2551 0.414646
2628 2552 0.325707
2629 2553 0.444171
2630 2554 0.456438
2631 2555 0.637261
2636 2566 0.261024
2639 2569 0.499620
2654 2580 0.348960
2664 2585 0.464086
2666 2586 0.373309
2674 2591 0.462944
2680 2597 0.596261
2706 2635 0.449753
2715 2642 0.477213
2738 2668 0.539810
2758 2260 0.655489
2759 2702 0.440099
2771 2874 0.595215
2779 2524 0.587454
2813 2758 0.521598
2829 2767 0.634777
2841 2830 0.671149
2861 2796 0.396967
2880 2813 0.483603
2887 2829 0.315087
2890 2831 0.626320
2903 2834 0.260742
2911 2848 0.237761
2912 2838 0.666990
2920 2877 0.604712
2921 2863 0.616991
2922 2864 0.357149
2923 2865 0.262940
2924 2853 0.124260
2925 2849 0.615915
2932 2867 0.638492
2946 2901 0.456706
2956 2916 0.525164
2958 2552 0.661149
2970 2918 0.286709
2987 2936 0.326046
2988 2937 0.571462
2994 2964 0.252930
2995 2945 0.397670
2997 2938 0.454421
3002 2965 0.440635
3015 2958 0.364926
3027 2972 0.349336
3030 2959 0.426018
3031 3118 0.515409
3036 2974 0.363518
3037 2975 0.377491
3045 2997 0.426120
3046 2999 0.688041
3055 3015 0.528225
3057 3010 0.495938
3058 3000 0.211773
3059 3001 0.475563
3060 2990 0.365179
3071 3012 0.438554
3073 2993 0.445770
3079 3026 0.477996
3081 3019 0.505678
3083 3002 0.598994
3094 3049 0.375973
3095 3022 0.216886
3101 3050 0.455794
3110 3073 0.640127
3113 3057 0.349531
3116 3053 0.542407
3128 3075 0.641223
3130 3054 0.437014
3141 3077 0.628594
3143 3055 0.478492
3146 3095 0.679884
3156 3120 0.410311
3157 3090 0.378585
3159 3079 0.562024
3163 3106 0.313650
3164 3107 0.443152
3173 3142 0.556186
3176 3132 0.553094
3177 3097 0.354740
3178 3098 0.483851
3189 3154 0.638732
3190 3155 0.248458
3196 969 0.569452
3211 3169 0.604043
3213 3161 0.181299
3214 3156 0.645462
3216 3145 0.286889
3217 3146 0.434821
3224 3171 0.609059
3235 1855 0.612542
3244 3173 0.201407
3245 3164 0.494176
3250 3205 0.573336
3251 3188 0.413634
3255 3206 0.257611
3274 4538 0.643172
3279 3239 0.500943
3280 3229 0.588569
3281 3217 0.319724
3285 3265 0.385370
3287 3247 0.286340
3288 3240 0.571677
3298 3277 0.367351
3300 3254 0.408377
3316 3267 0.639080
3318 3248 0.469479
3319 3241 0.516424
3323 3305 0.456415
3324 3268 0.507134
3331 3299 0.321016
3334 3258 0.654349
3341 3315 0.391876
3343 3300 0.618950
3344 3292 0.563656
3346 3279 0.503828
3352 3332 0.579811
3353 3333 0.689019
3354 3316 0.398543
3356 3301 0.427956
3362 3302 0.309883
3364 3404 0.618504
3373 3318 0.471648
3374 3319 0.488777
3382 3335 0.643557
3383 3320 0.640019
3389 3365 0.482328
3390 3352 0.652173
3391 3344 0.531312
3403 3377 0.418437
3405 3160 0.679644
3410 3387 0.408222
3412 3358 0.467412
3424 3412 0.562350
3425 3413 0.378292
3427 3379 0.507346
3429 3360 0.502241
3436 3397 0.652054
3437 3388 0.575923
3446 3422 0.510182
3457 3382 0.289134
3462 3455 0.343083
3464 3425 0.624635
3465 3398 0.484589
3470 3456 0.617750
3472 3434 0.574412
3474 3400 0.669824
3481 3435 0.681552
3497 3475 0.260664
3506 3446 0.455232
3511 605 0.681548
3513 2460 0.687048
3525 3494 0.378437
3537 3522 0.214901
3550 3479 0.530299
3555 3537 0.421371
3556 3538 0.583934
3565 3548 0.563500
3567 3506 0.515473
3568 3496 0.575686
3572 3518 0.601473
3573 3519 0.452488
3574 3507 0.571862
3591 3526 0.584328
3597 3578 0.551213
3599 3558 0.227318
3604 3591 0.643227
3605 3570 0.304695
3606 3541 0.593100
3616 3617 0.358547
3617 3605 0.632390
3618 3572 0.299417
3622 3592 0.298380
3625 3573 0.640288
3644 3599 0.161966
3668 3600 0.346299
3669 3583 0.579279
3674 3662 0.690610
3682 3639 0.298143
3683 3640 0.655682
3692 3621 0.322179
3698 3672 0.649505
3699 3649 0.284783
3704 3673 0.378820
3705 3631 0.599766
3713 3714 0.500903
3715 3690 0.695615
3716 3681 0.674071
3717 3674 0.344672
3720 3696 0.503508
3722 3664 0.448325
3727 3715 0.505166
3732 3655 0.563908
3741 3697 0.428757
3742 3665 0.593432
3747 3722 0.530431
3748 3691 0.576030
3749 3684 0.389425
3753 3740 0.587717
3754 3685 0.528563
3755 3675 0.630553
3756 3676 0.431450
3765 3773 0.689854
3775 3751 0.625630
3776 3727 0.574701
3778 3717 0.254482
3785 3718 0.389577
3786 3710 0.341404
3796 3723 0.554952
3801 3798 0.223557
3804 3753 0.519161
3806 4723 0.656084
3815 3776 0.538392
3817 3754 0.554084
3820 3837 0.402851
3829 3800 0.328718
3830 3756 0.290425
3835 3810 0.300419
3836 3785 0.564938
3837 3757 0.424065
3854 3840 0.663421
3870 3898 0.655826
3873 3812 0.414298
3874 3794 0.644140
3894 3831 0.578006
3899 3905 0.457503
3910 3890 0.494733
3911 4383 0.445878
3918 3917 0.243249
3921 3842 0.693443
3925 3882 0.481334
3928 3852 0.589990
3951 3980 0.565408
3952 3969 0.386254
3954 3941 0.676682
3955 3942 0.563181
3958 3884 0.663044
3964 3929 0.675466
3965 3908 0.332678
3982 3981 0.536776
3984 455 0.619760
3986 3919 0.498082
3995 3961 0.271064
3998 4007 0.438006
3999 3997 0.411639
4002 3910 0.403214
4008 4034 0.619392
4017 3999 0.364131
4024 4000 0.447233
4025 4001 0.226336
4034 3973 0.438328
4035 3963 0.285494
4040 4053 0.694234
4042 4012 0.522809
4043 3990 0.386437
4045 3965 0.566641
4052 4054 0.520321
4054 4055 0.277215
4056 4026 0.623126
4058 3974 0.397916
4064 4056 0.392751
4065 4057 0.508632
4066 4038 0.356492
4069 3984 0.651279
4081 3991 0.528705
4089 4098 0.272527
4090 4065 0.513548
4091 4039 0.424870
4103 4084 0.516489
4115 4079 0.353003
4116 4070 0.481357
4123 4124 0.638186
4135 4149 0.446329
4136 4125 0.479704
4137 4108 0.522335
4138 4086 0.510466
4139 4087 0.677270
4140 4071 0.316315
4141 4059 0.483720
4146 4161 0.262873
4148 4101 0.434467
4149 4060 0.698158
4157 4150 0.655401
4158 4139 0.365752
4165 4088 0.582516
4171 4152 0.435233
4172 4140 0.698517
4173 4128 0.549347
4179 4185 0.282943
4181 4172 0.607416
4191 4090 0.635338
4197 4212 0.374943
4199 4130 0.530184
4206 4196 0.349973
4207 4186 0.547776
4208 4180 0.638257
4210 4163 0.426805
4213 4110 0.592550
4219 4214 0.488185
4221 4131 0.628752
4227 4145 0.303547
4231 4251 0.348818
4232 4252 0.554613
4240 4215 0.419755
4251 4253 0.526292
4259 4236 0.517022
4263 4264 0.575253
4265 4199 0.550983
4266 4200 0.390564
4275 4237 0.552441
4276 4202 0.382048
4277 4182 0.292304
4284 4296 0.648424
4285 4276 0.375656
4286 4277 0.604127
4288 4254 0.294646
4297 4206 0.546018
4302 4304 0.535190
4303 4207 0.479282
4311 4239 0.422642
4318 4256 0.647767
4326 4220 0.503937
4333 4318 0.564576
4335 4288 0.289052
4337 4265 0.402099
4338 4246 0.608664
4367 4367 0.545665
4379 4358 0.620931
4382 4327 0.500690
4391 4359 0.560251
4410 4308 0.546108
4416 4340 0.296023
4418 4324 0.269242
4419 4309 0.696443
4427 4380 0.345187
4435 4444 0.597501
4443 4449 0.625106
4444 4411 0.590777
4463 4450 0.385633
4473 4426 0.527983
4475 4399 0.535138
4481 4475 0.483812
4482 4456 0.689243
4484 4385 0.556402
4490 4497 0.447457
4495 4524 0.552404
4496 4435 0.652567
4499 4386 0.500544
4506 4491 0.325564
4521 4480 0.555090
4531 4476 0.437528
4540 4583 0.602197
4545 4470 0.345886
4546 4451 0.375040
4555 4542 0.691335
4556 4501 0.535421
4561 4584 0.547552
4562 4502 0.555909
4570 4558 0.566745
4572 4460 0.698724
4581 4575 0.372315
4587 4576 0.613607
4588 4566 0.532893
4593 4655 0.628511
4599 4616 0.598785
4600 4610 0.410788
4603 4505 0.414578
4608 4598 0.637463
4610 4493 0.611057
4614 4612 0.431849
4630 4618 0.562532
4642 2561 0.675355
4650 4599 0.639349
4651 4561 0.377631
4654 4602 0.673585
4655 4562 0.607861
4659 4621 0.601339
4664 4567 0.613574
4685 4663 0.575403
4687 4627 0.451515
4688 4622 0.531628
4692 4569 0.587282
4694 4653 0.539499
4696 4608 0.582905
4702 4660 0.409758
4703 4588 0.343671
4714 4605 0.562429
4719 4640 0.616635
4720 4638 0.533424
4721 4628 0.374271
4722 4595 0.646335
4724 4629 0.461357
4725 4606 0.361310
4733 4650 0.377219
4734 4651 0.425646
4748 822 0.636949
4752 4631 0.261160
4760 3118 0.610074
4770 4656 0.660294
4782 4668 0.497637
4791 4828 0.546432
4812 4676 0.541665
4863 4811 0.535327
4865 4795 0.609144
4875 4743 0.634112
4911 4837 0.506218
4931 4752 0.398360
4944 4843 0.423685
4946 4782 0.646762
4960 4820 0.500923
4991 4892 0.278697
4993 4894 0.322476
4994 4894 0.267481
5000 4916 0.644467
5011 4917 0.383539
5015 4926 0.546708
5018 4926 0.639192
5019 4917 0.603658
5021 4917 0.694444
