473
3 1 0.063885
18 359 0.670572
24 3 0.621098
31 19 0.673291
34 11 0.646551
35 1520 0.668799
49 56 0.564119
51 62 0.522544
56 75 0.548840
64 132 0.179576
65 170 0.288795
68 102 0.682578
69 153 0.373875
78 168 0.278520
80 124 0.631726
81 178 0.633943
94 188 0.338687
99 202 0.640145
100 228 0.645858
101 229 0.688187
104 250 0.690337
110 216 0.323755
117 248 0.532595
124 234 0.578354
129 240 0.461036
136 287 0.497051
137 296 0.381678
143 257 0.566747
154 1129 0.636091
157 278 0.688557
159 310 0.553128
161 277 0.426217
164 755 0.618232
170 303 0.692176
174 315 0.395802
178 271 0.693733
179 322 0.616264
180 323 0.525285
183 361 0.535103
191 286 0.587965
192 293 0.314257
195 338 0.658115
196 354 0.313534
208 375 0.444266
212 337 0.545981
213 342 0.374254
214 407 0.487804
224 406 0.668347
226 405 0.402479
228 374 0.604603
231 404 0.345934
237 421 0.656294
238 390 0.619501
241 360 0.570796
247 419 0.670020
253 427 0.425830
259 413 0.513479
262 471 0.586594
267 445 0.425353
270 411 0.398227
271 417 0.346667
275 485 0.508228
282 2059 0.638934
284 425 0.365538
285 438 0.375667
286 456 0.629925
288 466 0.561682
289 493 0.349920
293 465 0.610896
294 484 0.586511
296 518 0.435872
297 1548 0.666480
298 510 0.684996
299 535 0.513934
301 455 0.664250
302 491 0.368737
305 454 0.598717
306 477 0.290016
308 490 0.581191
311 503 0.662183
315 516 0.485606
323 540 0.692865
326 489 0.348860
331 498 0.494937
335 539 0.654323
340 531 0.527835
341 549 0.303341
345 530 0.696802
346 591 0.515387
349 558 0.273835
353 548 0.541557
354 586 0.273609
355 615 0.582711
359 585 0.479436
361 613 0.490469
368 556 0.685480
369 611 0.539518
371 625 0.457299
374 555 0.286165
375 573 0.299834
377 601 0.276134
384 633 0.403760
386 654 0.277903
393 584 0.510065
395 653 0.422009
397 444 0.665230
400 583 0.495022
414 664 0.651327
415 680 0.537071
419 186 0.557429
425 651 0.593089
426 663 0.487294
428 679 0.443153
444 696 0.435465
446 712 0.584140
454 643 0.630687
462 711 0.460290
470 695 0.427782
481 693 0.534877
482 706 0.338999
484 718 0.633311
488 687 0.338085
503 758 0.210563
510 734 0.335113
515 143 0.663912
520 770 0.620685
527 744 0.466147
528 767 0.611839
534 768 0.650542
535 774 0.463380
536 790 0.542080
544 789 0.598151
546 757 0.439607
561 807 0.650061
566 820 0.407436
576 804 0.695088
578 818 0.226341
580 849 0.611444
584 803 0.518444
585 814 0.699393
586 826 0.510705
598 848 0.298819
601 860 0.318729
607 841 0.564297
612 847 0.494090
618 845 0.549278
619 846 0.462283
621 883 0.665550
642 889 0.469151
643 903 0.344865
645 1524 0.651860
646 902 0.351345
648 901 0.461735
654 895 0.509854
655 912 0.276056
660 911 0.508625
665 900 0.311342
666 910 0.420090
667 921 0.266350
669 940 0.679566
676 909 0.345327
677 933 0.560882
680 932 0.214824
684 937 0.439039
689 929 0.643704
700 935 0.516514
701 943 0.692670
716 965 0.620699
717 966 0.398833
730 982 0.215491
731 988 0.634119
734 974 0.286321
735 981 0.427829
736 986 0.644547
737 987 0.300973
740 963 0.478608
761 991 0.469749
763 1005 0.434429
764 1011 0.470268
765 1012 0.205873
768 1002 0.475775
774 1001 0.468650
775 1017 0.590200
777 1025 0.684177
782 1023 0.605111
783 1031 0.389595
786 1038 0.563649
794 1831 0.672513
796 1037 0.691913
797 1041 0.697453
798 1047 0.689369
818 1044 0.523940
819 1056 0.454735
820 1060 0.654033
831 1068 0.550959
836 1083 0.619798
848 1074 0.286659
850 1089 0.613427
873 1094 0.216429
874 1099 0.688538
878 1111 0.536398
887 1110 0.497387
891 1109 0.699591
906 1114 0.684046
907 1122 0.364533
909 196 0.618829
917 1138 0.628042
925 1131 0.196686
932 1137 0.385003
933 1148 0.572754
952 1144 0.657526
954 1156 0.650919
993 1181 0.615078
1006 1195 0.646398
1009 1193 0.611653
1011 1208 0.574554
1018 1207 0.584824
1036 1202 0.459496
1039 1214 0.479594
1047 1212 0.331707
1053 1628 0.696623
1054 1211 0.515790
1065 1226 0.615659
1072 1233 0.618231
1073 1234 0.460516
1081 1232 0.367965
1085 1240 0.342993
1105 1251 0.439441
1115 1257 0.464763
1116 1259 0.555727
1124 1266 0.465066
1128 1270 0.391918
1135 108 0.645684
1136 1274 0.306565
1137 1276 0.470737
1138 1279 0.553089
1154 1285 0.469592
1165 1296 0.545342
1172 1306 0.694979
1179 1312 0.381048
1180 1317 0.474136
1186 1320 0.362504
1188 1319 0.565854
1189 1323 0.266323
1206 1337 0.690818
1207 1338 0.502227
1212 1342 0.648445
1221 1350 0.335086
1229 1352 0.670073
1234 1351 0.684288
1238 1358 0.427050
1242 1360 0.287600
1247 1367 0.242020
1253 1370 0.319844
1261 1376 0.243614
1264 1383 0.585790
1265 1385 0.621624
1269 1389 0.340496
1275 1395 0.466164
1277 1396 0.551939
1283 1401 0.329537
1289 1405 0.139721
1292 1406 0.393199
1300 1417 0.557681
1302 1419 0.230069
1304 1420 0.692768
1314 1426 0.429601
1316 1427 0.248460
1318 1430 0.284048
1324 1432 0.417895
1331 1437 0.495540
1336 1442 0.390033
1338 1445 0.562043
1344 1454 0.434863
1348 1464 0.606227
1351 1468 0.621965
1356 1472 0.507286
1363 1477 0.256631
1365 780 0.697690
1374 1500 0.321759
1375 1501 0.314744
1376 1496 0.630177
1382 1507 0.665021
1411 1547 0.386153
1412 1548 0.519410
1413 1544 0.337781
1419 1568 0.351861
1420 1569 0.307136
1427 1581 0.343196
1431 1579 0.548644
1437 1584 0.370675
1446 1589 0.601699
1447 1590 0.201466
1451 1611 0.582595
1453 1613 0.182048
1454 1594 0.378737
1457 1618 0.439658
1458 1614 0.679939
1460 1619 0.659114
1472 1905 0.622540
1476 1624 0.589903
1481 1645 0.616154
1482 1639 0.309691
1484 1629 0.252333
1491 1735 0.621350
1502 1653 0.648304
1503 1641 0.215467
1506 1669 0.198185
1508 1793 0.585386
1509 1693 0.698601
1512 1681 0.288975
1515 1682 0.434588
1517 1785 0.685609
1523 1695 0.483766
1525 1704 0.501513
1526 1704 0.690232
1527 1705 0.625933
1528 1697 0.261756
1530 1688 0.491005
1533 1710 0.436198
1541 1721 0.443995
1543 1713 0.538893
1544 1698 0.610530
1551 1714 0.688047
1555 1722 0.277595
1557 1754 0.371247
1560 1797 0.619092
1562 1759 0.573225
1565 1761 0.423036
1566 1762 0.408955
1570 1763 0.571638
1575 1780 0.688152
1579 1784 0.250548
1581 1778 0.615697
1585 1785 0.393187
1588 783 0.536805
1606 1797 0.617796
1616 1801 0.574460
1621 1802 0.305730
1635 1807 0.331677
1660 1816 0.349959
1694 1850 0.687015
1704 1831 0.360528
1705 1832 0.532695
1712 1834 0.642162
1717 1826 0.646928
1727 1827 0.594198
1744 1840 0.467724
1748 1841 0.532697
1754 1846 0.680799
1770 1849 0.558436
1776 1856 0.452676
1778 1852 0.380111
1779 1853 0.507800
1780 1854 0.666348
1797 1863 0.672250
1798 1862 0.624826
1816 1871 0.492846
1817 1872 0.414859
1825 1866 0.566794
1835 1868 0.283005
1837 1073 0.693255
1855 1879 0.287116
1868 1892 0.399091
1872 2212 0.103173
1877 1896 0.460347
1893 1907 0.409501
1894 1897 0.347595
1895 1894 0.671914
1897 1886 0.257096
1909 1791 0.677749
1919 1895 0.427568
1920 1893 0.542456
1921 1889 0.439451
1924 1916 0.498766
1929 1913 0.609658
1939 1898 0.461775
1943 1927 0.680455
1944 1925 0.435296
1945 1918 0.501369
1946 1911 0.672079
1950 1909 0.410634
1960 1924 0.391791
1961 1919 0.623372
1967 1934 0.569657
1996 1956 0.572915
1997 1826 0.278317
2022 1959 0.530030
2033 1952 0.489464
2038 1949 0.252514
2045 1955 0.409833
2062 1962 0.389826
2068 1981 0.476393
2069 1970 0.339225
2070 1960 0.614199
2080 1971 0.589104
2086 1972 0.201236
2087 1969 0.586007
2092 1992 0.363149
2100 1997 0.436128
2101 1993 0.252474
2110 1988 0.277386
2112 1989 0.359442
2113 1983 0.201640
2114 1975 0.591940
2137 2017 0.464150
2138 2005 0.545974
2161 2020 0.674845
2165 2040 0.462457
2167 2004 0.633891
2181 2026 0.422732
2182 2021 0.621259
2191 2037 0.342074
2212 2039 0.620511
2218 2051 0.405438
2223 2052 0.469429
2229 2062 0.544384
2235 2027 0.624637
2239 2064 0.563219
2242 1793 0.664336
2252 2065 0.526240
2254 2212 0.175780
2259 2063 0.323065
2281 2089 0.628301
2282 2077 0.462511
2283 2070 0.423091
2298 2079 0.636239
2306 2081 0.354783
2307 2071 0.690336
2323 2084 0.561393
2325 2157 0.600916
2342 2106 0.648662
2347 2109 0.593051
2361 2108 0.488918
2387 2115 0.637068
2388 2097 0.697629
2392 2118 0.619152
2398 2123 0.313257
2399 2099 0.560633
2406 2120 0.299349
2429 2131 0.528792
2430 2122 0.365432
2498 2132 0.461929
2542 2144 0.333152
2563 2149 0.337533
2574 2152 0.531900
2601 2027 0.689858
2609 2161 0.625520
2640 1825 0.449518
2655 2191 0.649727
2671 2206 0.653636
2674 1825 0.573746
2675 1722 0.638858
2713 2237 0.498696
2714 2221 0.571993
2719 2241 0.469877
2720 1905 0.672892
2723 1531 0.667862
2737 888 0.615367
2740 2258 0.319471
2746 141 0.677345
2755 2275 0.684781
2761 2280 0.605917
2762 2280 0.520050
2764 2282 0.498047
2772 2299 0.471573
2776 2298 0.676752
2779 2298 0.680268
2781 2306 0.587128
2783 2305 0.602564
2785 2316 0.331726
2793 2315 0.566505
2795 2319 0.000000
