430
20 1 0.469116
62 1998 0.676897
69 256 0.652787
87 165 0.642530
90 35 0.688645
137 5 0.418181
146 7 0.298755
161 8 0.551855
166 1180 0.625784
167 9 0.632635
181 13 0.436896
182 14 0.256968
187 53 0.659984
209 19 0.337282
213 1955 0.649845
225 255 0.688366
265 31 0.484719
266 32 0.453953
300 36 0.544546
315 919 0.569291
317 42 0.627391
328 48 0.526816
335 2154 0.596224
342 56 0.426634
353 62 0.690691
367 69 0.591346
371 64 0.694459
379 63 0.607953
380 80 0.593997
389 66 0.557119
392 75 0.375699
396 67 0.396441
400 74 0.579106
406 78 0.527032
419 95 0.610629
420 96 0.419918
425 93 0.330190
430 88 0.662053
438 107 0.520400
442 101 0.427302
474 111 0.660734
475 128 0.557533
485 106 0.683287
488 124 0.591463
489 127 0.610427
509 138 0.455585
511 141 0.458802
533 148 0.545287
534 149 0.530174
556 10 0.650699
559 157 0.543508
565 167 0.699191
567 173 0.396903
588 151 0.525147
604 158 0.513776
605 184 0.677135
614 179 0.510741
626 195 0.624574
658 203 0.683528
672 202 0.653719
673 212 0.512462
677 193 0.660924
680 221 0.497471
703 219 0.698772
736 237 0.553133
745 225 0.671224
781 263 0.409196
789 258 0.591121
819 266 0.568126
828 285 0.583921
834 289 0.677078
877 1648 0.622726
882 316 0.577029
892 322 0.591008
893 1677 0.676750
932 333 0.432335
954 114 0.608709
958 340 0.540239
959 350 0.553746
984 353 0.426937
985 354 0.636934
1008 365 0.505315
1043 373 0.604510
1058 386 0.396461
1087 408 0.627294
1112 396 0.596158
1116 409 0.627900
1132 430 0.675499
1153 435 0.572618
1173 443 0.531750
1184 2135 0.329994
1192 2258 0.635098
1218 461 0.418744
1219 474 0.434269
1235 473 0.441002
1244 478 0.313443
1251 488 0.323639
1380 1135 0.678605
1566 994 0.556536
1699 734 0.654111
1760 1945 0.681066
1835 1034 0.281545
2004 958 0.613559
2017 2135 0.512979
2033 1002 0.623312
2046 9 0.650064
2088 1063 0.695898
2091 1078 0.506718
2098 1086 0.608274
2105 114 0.677495
2106 1095 0.651236
2107 1082 0.403611
2114 1103 0.662037
2117 1111 0.240138
2118 1112 0.380052
2119 1114 0.682582
2126 1125 0.320747
2127 1126 0.650126
2128 1127 0.394493
2131 9 0.675884
2133 1130 0.370971
2135 1132 0.698376
2143 1141 0.557093
2144 1143 0.574122
2145 1144 0.574591
2152 1148 0.632401
2154 1149 0.290527
2155 1151 0.585704
2165 1178 0.223719
2166 1180 0.641337
2177 1185 0.578035
2178 1190 0.377029
2179 1191 0.380688
2180 1192 0.648054
2184 1194 0.293665
2187 2191 0.680647
2189 1259 0.689154
2195 1205 0.373785
2198 1210 0.228309
2199 1212 0.107661
2200 1213 0.307395
2207 1217 0.539693
2211 1218 0.413735
2219 1220 0.685416
2221 1222 0.586163
2223 1225 0.146285
2224 1226 0.370672
2228 1244 0.635004
2229 1231 0.461835
2231 1233 0.308237
2232 1234 0.177448
2240 1245 0.347876
2246 1254 0.144421
2250 1233 0.671261
2251 1260 0.261960
2252 1262 0.234634
2254 1268 0.344215
2255 1270 0.477875
2256 1271 0.622704
2261 1278 0.520279
2268 1289 0.513739
2269 2135 0.275689
2285 1317 0.634697
2305 1324 0.498000
2325 1347 0.649144
2334 1350 0.590641
2335 1351 0.674978
2336 1352 0.425647
2344 1367 0.536455
2349 1359 0.622744
2350 1360 0.468898
2356 1370 0.410944
2379 1502 0.686260
2383 1392 0.687443
2391 1400 0.485744
2397 1407 0.572154
2406 1422 0.404076
2407 1423 0.579233
2408 1415 0.352006
2415 1424 0.407618
2416 1416 0.527501
2417 1417 0.401131
2430 1437 0.611532
2431 1425 0.430735
2445 1450 0.359944
2451 1457 0.339559
2459 1472 0.458115
2467 1188 0.650620
2480 1491 0.593881
2481 1492 0.484123
2482 1494 0.350322
2483 1495 0.517633
2486 1478 0.540716
2489 1496 0.296706
2490 1497 0.337107
2495 1511 0.492292
2496 1512 0.339205
2497 1505 0.231029
2504 1520 0.328509
2505 1521 0.349313
2507 1506 0.395250
2510 1537 0.580713
2515 1517 0.672430
2521 1531 0.312362
2527 1542 0.435327
2529 1532 0.648434
2530 1533 0.647590
2545 1543 0.229686
2549 1564 0.574629
2550 1555 0.667635
2553 1545 0.563834
2564 1575 0.315762
2574 1560 0.639124
2585 1570 0.448912
2602 1586 0.327724
2606 1607 0.247473
2607 1596 0.515202
2615 1615 0.302319
2616 1597 0.490587
2617 1598 0.660971
2630 1610 0.507880
2632 1599 0.560486
2636 1632 0.313565
2637 1621 0.226657
2638 1616 0.303676
2646 1641 0.468380
2660 1643 0.576275
2677 1656 0.279665
2678 1647 0.516099
2679 1648 0.421072
2688 1668 0.542750
2689 1657 0.159245
2690 1658 0.291641
2699 1690 0.631727
2700 1681 0.382424
2703 1670 0.455519
2705 1672 0.516578
2715 1664 0.527855
2716 1665 0.674001
2722 1676 0.274132
2723 1677 0.205605
2733 1684 0.252120
2739 1701 0.501944
2740 1692 0.614563
2744 1711 0.585905
2746 1699 0.396074
2747 1693 0.460824
2762 1703 0.199320
2768 1712 0.545179
2770 1704 0.506691
2776 1721 0.624638
2781 1710 0.435619
2788 1731 0.434796
2789 1732 0.296580
2797 1733 0.636194
2801 1718 0.475578
2810 1724 0.520229
2815 1746 0.460222
2820 1751 0.486215
2823 1736 0.651346
2833 1754 0.628218
2834 1744 0.574728
2852 1756 0.472183
2855 1776 0.562184
2856 1762 0.466450
2867 1779 0.487259
2868 1777 0.506221
2869 1772 0.422877
2871 1763 0.599809
2882 1784 0.389024
2894 1782 0.219570
2895 1778 0.677443
2904 1783 0.364174
2910 1799 0.494506
2912 1789 0.523309
2919 1807 0.538022
2920 1808 0.307390
2922 1800 0.267359
2928 1806 0.273202
2932 1815 0.517804
2934 1802 0.148143
2944 1813 0.277045
2945 1803 0.311084
2954 1814 0.652713
2956 2224 0.507403
2960 1828 0.537396
2970 1825 0.197822
2971 1820 0.546005
2978 1830 0.494116
2979 1821 0.658474
2983 1831 0.691673
2992 1841 0.482233
2993 1838 0.346192
2994 1835 0.397102
2995 1827 0.569555
3000 1851 0.501281
3003 1832 0.697731
3007 1852 0.323446
3008 1843 0.583624
3009 1839 0.286793
3010 1840 0.282168
3020 1861 0.492318
3021 1854 0.384273
3022 1848 0.605074
3027 1859 0.547963
3028 1855 0.216035
3029 1856 0.367915
3031 1846 0.304697
3039 1853 0.173599
3040 1849 0.411885
3046 1867 0.279504
3047 1864 0.455292
3048 1860 0.587579
3061 1868 0.275543
3062 1869 0.488931
3068 1881 0.568892
3069 1873 0.602835
3071 1879 0.391136
3079 1886 0.578454
3080 1885 0.359564
3081 1874 0.411265
3089 1892 0.447798
3105 1890 0.491361
3112 1891 0.574810
3119 1895 0.573577
3125 1901 0.236727
3126 1902 0.561614
3127 1896 0.390522
3128 1897 0.488690
3130 1911 0.665890
3131 1905 0.353184
3136 1908 0.451311
3142 1904 0.364366
3147 1916 0.470312
3148 1909 0.551885
3149 1907 0.646894
3156 1917 0.124740
3157 1912 0.384734
3163 1910 0.573894
3170 1925 0.359848
3171 1918 0.175299
3172 1913 0.425877
3177 1919 0.358560
3182 1927 0.369674
3184 1929 0.592321
3185 1921 0.560588
3186 1920 0.555121
3211 1931 0.351211
3220 1935 0.314480
3226 1947 0.681706
3232 1953 0.542387
3233 1948 0.625853
3234 1945 0.441435
3235 1940 0.611988
3238 1950 0.177431
3239 1941 0.446140
3240 1942 0.547761
3245 1956 0.382736
3246 1954 0.607751
3247 1946 0.292898
3253 1958 0.299489
3258 1955 0.359906
3259 1951 0.373251
3265 1960 0.363392
3280 2032 0.666968
3288 1974 0.690875
3289 1972 0.532205
3291 1964 0.653473
3305 1976 0.434854
3306 1970 0.383150
3329 1983 0.463377
3333 1984 0.268158
3334 1979 0.236689
3344 1982 0.478910
3355 2003 0.373397
3365 1994 0.316738
3370 1991 0.381633
3378 2004 0.299627
3388 1995 0.661897
3403 2012 0.274197
3415 2013 0.380667
3418 2017 0.354970
3419 2178 0.573095
3423 2019 0.374836
3424 2015 0.439593
3433 2020 0.339480
3441 2026 0.492418
3450 2018 0.589024
3462 2031 0.392853
3463 2030 0.201834
3467 2036 0.652475
3483 2040 0.324159
3485 2039 0.452518
3527 2292 0.348156
3580 1955 0.632822
3601 2077 0.487259
3634 2293 0.574772
3638 2149 0.467966
3663 2193 0.458193
3666 2196 0.480832
3675 2207 0.685762
3682 2183 0.429063
3694 2200 0.520270
3701 2206 0.619370
3703 2236 0.613387
3704 2211 0.665661
3705 2232 0.548584
3709 2233 0.481797
3717 2249 0.548015
3722 2250 0.495944
3733 2255 0.663929
3745 2260 0.562633
3749 2292 0.301397
3783 2303 0.625080
3798 2305 0.465387
3815 2350 0.598871
3816 2351 0.078014
3817 2351 0.095750
3818 2351 0.298792
3819 2351 0.189583
3820 2351 0.158447
3833 2361 0.693641
3835 2366 0.586312
3842 2364 0.652944
3845 2365 0.680635
3850 2385 0.626822
3852 2388 0.630591
3854 2386 0.689373
3855 2386 0.663715
3857 2398 0.000000
