517
5 3 0.116088
33 13 0.642067
41 15 0.379119
42 668 0.651032
57 17 0.370666
68 965 0.693651
81 20 0.323776
86 970 0.684680
102 27 0.670364
106 200 0.683479
110 28 0.430088
153 41 0.362103
177 50 0.476380
185 71 0.481149
191 16 0.632842
193 1394 0.692590
199 1394 0.534743
202 87 0.604999
255 76 0.353700
265 151 0.621012
277 102 0.444197
289 245 0.671100
301 123 0.278303
315 125 0.610666
316 131 0.381840
322 190 0.420208
348 211 0.200883
359 166 0.615726
366 165 0.518854
371 164 0.384213
375 234 0.147815
409 210 0.632624
410 131 0.688811
447 283 0.466685
454 484 0.667861
468 304 0.372396
500 339 0.301483
503 2613 0.693292
532 319 0.508772
533 366 0.484874
549 338 0.585968
573 365 0.556193
587 364 0.398784
591 432 0.245869
596 392 0.405882
614 398 0.671722
615 406 0.584050
616 431 0.634614
617 439 0.392307
622 419 0.464620
624 459 0.586868
631 438 0.512897
639 458 0.508521
653 437 0.401998
656 558 0.656757
658 970 0.607535
661 487 0.617243
676 466 0.679911
688 526 0.485388
695 497 0.459927
696 516 0.567881
703 475 0.572645
712 540 0.258955
718 515 0.652752
745 565 0.683552
763 551 0.406052
768 550 0.620917
785 1067 0.512082
789 596 0.403565
813 582 0.221371
819 564 0.644329
821 568 0.538043
824 617 0.400264
825 623 0.294428
832 594 0.201141
833 605 0.699977
844 622 0.482578
863 652 0.206089
867 633 0.325485
923 698 0.273804
928 708 0.404723
937 686 0.499537
938 687 0.319684
964 705 0.629187
987 727 0.564325
1011 743 0.547052
1012 760 0.379659
1039 771 0.363360
1054 2598 0.597036
1060 824 0.689512
1068 828 0.327291
1079 817 0.408245
1090 842 0.582348
1091 847 0.687955
1121 864 0.233564
1138 886 0.384346
1142 884 0.199263
1143 885 0.487792
1144 890 0.224108
1157 918 0.618821
1162 905 0.241847
1183 923 0.691724
1192 922 0.189747
1200 930 0.305102
1201 931 0.321389
1202 938 0.330645
1207 936 0.335374
1208 937 0.416340
1214 944 0.241321
1224 943 0.608576
1229 966 0.463986
1239 956 0.502641
1240 964 0.411203
1252 946 0.617615
1253 904 0.549446
1254 983 0.640356
1261 982 0.440517
1264 990 0.292850
1265 1001 0.530006
1273 989 0.321833
1274 1000 0.333378
1303 985 0.676756
1317 1033 0.588292
1325 1046 0.626662
1344 1040 0.542796
1348 1061 0.179121
1349 1062 0.359924
1365 1077 0.683614
1366 1078 0.594629
1367 1079 0.521671
1368 1080 0.194639
1380 1083 0.507734
1382 1088 0.327248
1383 1089 0.204911
1386 1082 0.615293
1404 1094 0.630755
1409 1103 0.378479
1410 1104 0.436158
1411 1112 0.233342
1412 1113 0.428755
1417 1093 0.623127
1420 1098 0.640008
1429 1118 0.231584
1434 1123 0.620808
1436 123 0.554654
1438 1126 0.389966
1439 1132 0.526446
1459 1144 0.294100
1465 1151 0.303576
1483 1168 0.486669
1488 1173 0.149129
1494 1174 0.667091
1506 1191 0.504299
1509 1197 0.403556
1510 1198 0.435227
1522 1210 0.448617
1534 1226 0.308431
1539 1231 0.580243
1543 1236 0.356770
1545 1241 0.516110
1550 1245 0.273449
1557 1254 0.654222
1561 1257 0.386984
1562 1259 0.277654
1563 1260 0.602808
1568 1262 0.522749
1569 1266 0.558014
1572 1272 0.450123
1575 1273 0.660107
1576 1281 0.675666
1577 1282 0.550046
1579 1286 0.684793
1581 1279 0.574018
1588 1294 0.499023
1589 1298 0.626280
1591 1305 0.625315
1593 1307 0.564062
1609 1327 0.293009
1610 1332 0.296459
1613 1335 0.398774
1614 1334 0.603985
1622 1346 0.478296
1623 1347 0.344999
1624 1353 0.612806
1625 1350 0.340490
1629 1360 0.603336
1631 1361 0.516497
1634 1368 0.324769
1635 1364 0.533922
1638 1369 0.609119
1639 1373 0.280580
1641 1378 0.627774
1642 1379 0.255905
1645 1385 0.257332
1654 1390 0.613361
1657 1395 0.221758
1658 1396 0.321063
1659 1397 0.385452
1663 1408 0.317809
1664 1410 0.431971
1666 1404 0.675023
1672 1418 0.386216
1680 1428 0.282031
1681 1429 0.621336
1682 1424 0.598731
1686 1433 0.300789
1689 1448 0.397054
1691 1439 0.466280
1693 846 0.586328
1694 1455 0.358248
1695 1456 0.443165
1696 1450 0.294984
1698 1441 0.568036
1700 645 0.573018
1701 1463 0.673536
1703 1472 0.691577
1711 1486 0.463791
1719 1477 0.286118
1720 1478 0.375094
1721 1474 0.631321
1724 1491 0.460107
1726 1464 0.533282
1727 1494 0.610169
1728 1480 0.366879
1730 1504 0.465264
1737 1585 0.620536
1738 1509 0.177390
1739 1510 0.595111
1740 1511 0.220061
1741 41 0.662327
1742 1518 0.480283
1744 1519 0.613155
1746 1546 0.475683
1751 1564 0.454690
1754 1558 0.520213
1780 1592 0.335877
1788 1597 0.284627
1790 1596 0.308641
1801 1329 0.681968
1803 1602 0.517201
1805 1603 0.683981
1811 1613 0.380034
1817 1622 0.566425
1821 1567 0.668304
1842 1629 0.686892
1852 1636 0.355111
1853 1630 0.555614
1862 1663 0.693165
1872 1649 0.446953
1898 1645 0.522468
1904 1661 0.254723
1906 1646 0.671640
1915 1671 0.692788
1916 1662 0.472521
1917 1658 0.483745
1925 1652 0.331616
1931 1682 0.606238
1934 970 0.577669
1941 1691 0.489236
1969 1687 0.662904
1975 1699 0.511748
1989 1709 0.404375
1990 1700 0.470545
2022 972 0.648700
2024 1751 0.678524
2027 1732 0.577682
2030 1728 0.614250
2083 1757 0.539831
2092 1768 0.623348
2098 1819 0.656776
2100 1788 0.500851
2101 1785 0.651701
2107 1800 0.634250
2122 1807 0.586111
2130 1823 0.596919
2151 1874 0.488507
2169 1857 0.667145
2175 1596 0.447751
2182 1886 0.642604
2183 1887 0.313578
2208 1850 0.491969
2250 1891 0.511254
2258 1923 0.609833
2295 1963 0.635627
2302 1964 0.678527
2306 1935 0.352930
2311 1974 0.453760
2312 1954 0.681804
2343 2716 0.663528
2346 2040 0.289031
2348 1319 0.639001
2352 1977 0.525814
2358 2025 0.357032
2360 2008 0.495867
2361 2000 0.318858
2362 2001 0.464028
2363 1995 0.581119
2365 1978 0.441405
2366 2737 0.540233
2369 2053 0.620734
2371 2026 0.518128
2381 2064 0.687421
2383 2035 0.328962
2395 2018 0.492802
2403 2036 0.550284
2409 2088 0.356647
2410 2072 0.593759
2411 2055 0.576623
2414 1472 0.667667
2417 2073 0.656610
2423 2104 0.450801
2428 2095 0.537756
2442 2124 0.577820
2443 2074 0.593972
2446 2047 0.509000
2449 2115 0.688498
2452 2067 0.543698
2453 2057 0.496517
2455 2048 0.429410
2464 2125 0.348641
2472 2107 0.551008
2473 2077 0.623859
2481 2127 0.570436
2487 2084 0.325370
2492 2170 0.547871
2495 2130 0.574974
2496 2108 0.303465
2500 2162 0.682576
2501 2163 0.575240
2505 2131 0.333987
2506 2118 0.429872
2515 2097 0.478696
2521 2194 0.390023
2522 2185 0.688192
2524 2120 0.636859
2525 2098 0.393505
2534 2148 0.468727
2539 2171 0.248992
2545 2195 0.427712
2546 2196 0.239791
2547 2197 0.500059
2548 1970 0.686898
2552 2217 0.434851
2553 2198 0.346600
2561 2177 0.327146
2563 2142 0.362838
2566 2243 0.652268
2567 2231 0.410807
2576 2206 0.392983
2577 2199 0.541511
2585 2189 0.683642
2586 2190 0.597419
2587 2178 0.375685
2595 2261 0.460457
2596 2244 0.467417
2597 2228 0.669848
2599 2207 0.286440
2607 2179 0.379968
2608 2180 0.620199
2611 2262 0.288387
2620 2273 0.334312
2628 2255 0.194657
2633 2200 0.327408
2637 2274 0.674823
2638 2270 0.649622
2644 2308 0.500248
2655 2246 0.509122
2662 2289 0.294348
2670 2271 0.500794
2676 2276 0.673979
2677 2238 0.585629
2679 2335 0.426975
2680 2304 0.475955
2688 2263 0.402900
2689 2248 0.481806
2703 2343 0.598996
2704 2330 0.680556
2706 2278 0.440361
2708 2368 0.327825
2710 2292 0.375045
2725 2356 0.250855
2728 2313 0.475301
2729 2314 0.562994
2731 2737 0.498769
2737 2337 0.575877
2739 2301 0.520251
2751 2389 0.269117
2752 2358 0.627413
2753 2328 0.363279
2754 2320 0.513155
2773 2420 0.373496
2781 2395 0.656951
2783 2341 0.627355
2784 2332 0.354121
2791 2353 0.459568
2792 2354 0.665616
2794 2431 0.292990
2812 2444 0.436520
2814 2432 0.446243
2815 2401 0.649018
2816 2716 0.357877
2825 2437 0.496581
2826 2433 0.570510
2832 2408 0.533038
2833 2378 0.659764
2846 2469 0.396466
2848 2402 0.436347
2863 2458 0.575495
2864 2415 0.350339
2866 2410 0.582449
2876 2445 0.441842
2885 2496 0.516223
2888 2417 0.362413
2896 1472 0.508326
2897 3 0.538515
2910 2487 0.429951
2911 2440 0.360223
2912 2435 0.515316
2918 2472 0.552095
2920 2441 0.426702
2925 2501 0.325709
2934 2505 0.440984
2935 2482 0.652169
2949 2511 0.619813
2950 2506 0.333670
2960 2488 0.496747
2963 2474 0.423303
2966 2184 0.690050
2975 2497 0.523055
2984 2507 0.558720
2991 2543 0.355321
2992 2509 0.664242
2993 2508 0.507796
2995 2489 0.633843
3001 2544 0.243925
3004 1448 0.652198
3007 2526 0.516677
3010 2493 0.423524
3016 2527 0.681674
3017 2494 0.639024
3019 2693 0.565067
3020 2516 0.488125
3021 2512 0.381295
3024 2254 0.623159
3029 2242 0.632174
3033 2564 0.470560
3036 2545 0.513190
3049 2576 0.699393
3051 2531 0.687036
3052 2518 0.449794
3059 2551 0.634052
3060 2552 0.686345
3061 2519 0.397842
3066 2565 0.587419
3068 2525 0.596895
3070 2538 0.574455
3076 2590 0.507226
3078 2547 0.539880
3082 1705 0.663284
3083 2584 0.586692
3088 2570 0.580974
3089 2553 0.418605
3094 2594 0.666758
3095 2585 0.340914
3099 2598 0.568401
3100 2583 0.576933
3105 2578 0.467759
3112 2603 0.543680
3119 2617 0.329024
3124 2599 0.519000
3135 2619 0.369655
3136 2591 0.515434
3137 2587 0.539080
3149 2613 0.475580
3151 2604 0.636663
3158 2635 0.573194
3162 2623 0.618677
3171 2637 0.415243
3172 2631 0.552874
3173 2628 0.609347
3183 2656 0.254662
3185 2716 0.162221
3187 2648 0.290814
3188 2643 0.399315
3194 2638 0.546138
3202 2664 0.676021
3208 2634 0.684505
3221 2692 0.620133
3236 1503 0.651034
3239 2688 0.432896
3244 2654 0.229572
3251 2690 0.427155
3255 2541 0.620124
3274 2706 0.519448
3281 1585 0.641073
3304 2697 0.543451
3305 2684 0.503786
3318 2741 0.366827
3326 2709 0.317071
3328 2712 0.331958
3334 1456 0.589434
3336 2723 0.518269
3337 2325 0.678939
3348 2544 0.480619
3356 2725 0.627612
3357 2732 0.660889
3362 2739 0.484962
3372 2735 0.424659
3373 2756 0.482182
3381 2763 0.494649
3386 2747 0.639024
3390 2780 0.584573
3404 2790 0.490821
3405 2788 0.662090
3406 2783 0.680782
3413 2787 0.577420
3414 2795 0.000000
