358
0 0 0.227153
1 1 0.223661
4 4 0.441520
6 6 0.415141
7 5 0.403298
8 7 0.470325
9 9 0.339247
11 911 0.699883
12 13 0.651566
16 16 0.680262
18 17 0.316375
22 19 0.559536
29 23 0.463761
31 25 0.582851
33 20 0.331564
35 35 0.546069
38 33 0.558087
39 34 0.469541
40 38 0.380469
42 42 0.387484
43 43 0.253731
44 41 0.596456
45 32 0.637907
47 37 0.510362
50 31 0.533550
53 48 0.421700
55 54 0.201632
57 51 0.400398
58 50 0.689995
65 44 0.589384
69 58 0.694134
71 71 0.309675
76 55 0.581294
77 56 0.279550
79 74 0.251629
83 81 0.583848
84 67 0.580754
85 78 0.534533
87 69 0.482806
88 86 0.294218
90 93 0.437965
91 68 0.580095
92 76 0.447159
95 72 0.668014
100 95 0.642562
101 120 0.322496
103 83 0.409542
105 90 0.387278
108 82 0.299500
109 108 0.613062
110 104 0.523522
112 94 0.194204
115 103 0.411269
116 106 0.695075
117 89 0.448665
119 102 0.606692
121 136 0.623187
125 98 0.380714
127 146 0.469989
130 125 0.529158
131 129 0.603708
138 101 0.509954
140 157 0.538828
144 153 0.226356
148 117 0.684613
155 110 0.587367
156 115 0.398996
157 112 0.515194
158 113 0.645622
160 131 0.531312
162 164 0.505022
164 130 0.438202
171 124 0.464746
173 140 0.520807
174 145 0.580854
175 151 0.339565
176 165 0.328403
179 121 0.631397
182 171 0.529490
184 182 0.606088
193 181 0.561304
199 238 0.683302
207 161 0.551110
210 169 0.295322
220 155 0.484653
221 180 0.141693
224 150 0.644810
225 154 0.467642
231 147 0.566639
236 193 0.290640
241 163 0.573735
244 188 0.667220
245 190 0.567746
246 214 0.331887
253 460 0.697341
255 201 0.597467
261 206 0.506222
268 204 0.398325
269 205 0.616617
270 223 0.406890
276 236 0.661671
280 173 0.659396
283 199 0.480597
285 212 0.417065
288 172 0.342176
289 189 0.345311
291 211 0.340641
299 184 0.614827
301 202 0.370962
305 796 0.698705
312 235 0.266342
320 246 0.560716
334 244 0.333402
335 245 0.553200
341 238 0.640336
352 219 0.431526
362 231 0.586466
363 232 0.627798
364 237 0.339963
366 272 0.332549
379 249 0.359097
388 275 0.343368
393 258 0.562861
394 277 0.561143
399 257 0.303375
402 285 0.523483
410 299 0.571257
415 298 0.255044
430 270 0.623214
431 276 0.351298
432 290 0.514236
436 260 0.407130
442 308 0.233566
444 317 0.554406
451 311 0.464622
452 316 0.590629
459 273 0.524822
462 289 0.688115
475 315 0.604289
476 339 0.597153
481 297 0.649073
482 303 0.442594
483 306 0.666663
494 301 0.313003
495 329 0.635136
497 347 0.531588
500 338 0.280863
506 304 0.373449
508 324 0.345748
511 331 0.635165
519 650 0.663264
522 323 0.649781
523 362 0.485190
524 1043 0.565063
527 359 0.546216
529 974 0.657094
546 358 0.437854
553 336 0.663714
554 365 0.502177
563 348 0.681995
569 345 0.358377
577 356 0.559294
581 380 0.321262
592 368 0.403634
596 404 0.605363
617 353 0.446699
622 398 0.504646
627 378 0.579853
636 377 0.491914
642 403 0.695210
648 394 0.436675
656 396 0.458743
675 429 0.630431
681 410 0.509925
682 411 0.468006
683 412 0.398726
685 438 0.342320
701 408 0.345091
702 409 0.330929
708 420 0.360437
717 428 0.697243
723 427 0.480859
731 868 0.595720
754 462 0.269866
763 477 0.370172
771 458 0.325216
772 471 0.632936
777 461 0.628831
782 476 0.294322
787 502 0.546887
792 496 0.649982
796 512 0.495678
800 484 0.361558
812 507 0.539907
823 498 0.595092
831 522 0.608600
832 526 0.409453
844 520 0.600710
850 514 0.285233
851 532 0.416198
858 548 0.690634
864 531 0.626578
865 543 0.441451
869 530 0.304500
872 557 0.596829
876 529 0.486273
886 546 0.556977
887 553 0.372274
888 1131 0.567262
905 566 0.457179
906 565 0.539725
914 571 0.537959
917 570 0.453001
924 583 0.527729
925 585 0.499430
934 1049 0.532301
941 589 0.569711
948 588 0.573452
955 594 0.470290
967 847 0.673569
970 609 0.513793
971 610 0.699131
978 608 0.383365
980 914 0.570000
986 1097 0.691371
994 627 0.492543
1013 869 0.696186
1019 651 0.510945
1026 639 0.238809
1034 648 0.492739
1035 649 0.329020
1036 650 0.412353
1050 868 0.593887
1064 684 0.336528
1121 697 0.596211
1141 725 0.509458
1235 1228 0.671611
1236 815 0.644300
1361 988 0.297167
1393 849 0.638786
1421 317 0.657621
1439 1097 0.334551
1455 1124 0.432787
1460 1116 0.315807
1463 1126 0.443165
1466 1136 0.516096
1469 1025 0.622510
1471 1137 0.466626
1474 1142 0.678835
1482 1151 0.448741
1485 1159 0.679810
1489 1154 0.227746
1490 705 0.656435
1498 1171 0.681683
1506 1166 0.410275
1512 1179 0.160234
1513 1180 0.153598
1514 1181 0.356723
1515 1182 0.496135
1517 1173 0.422633
1520 752 0.461013
1521 1199 0.664750
1532 1200 0.544571
1541 1208 0.311117
1545 1222 0.573202
1548 78 0.621734
1561 1232 0.422525
1566 1244 0.696667
1572 1262 0.559158
1576 1251 0.587256
1577 1252 0.695354
1578 1245 0.349097
1580 1263 0.398645
1587 1273 0.390877
1588 1264 0.298167
1590 1109 0.653380
1591 1281 0.670155
1592 1282 0.588881
1596 1305 0.680233
1599 1293 0.665166
1605 1311 0.370597
1609 1294 0.270516
1617 1313 0.567541
1627 1319 0.272888
1632 1340 0.536770
1634 1329 0.398822
1636 1346 0.660285
1644 1335 0.320993
1647 1357 0.584626
1648 1358 0.567408
1649 1350 0.486737
1655 1370 0.419237
1661 1373 0.506919
1663 1366 0.483589
1665 1388 0.532270
1667 1368 0.467342
1672 1398 0.425999
1674 1382 0.543565
1675 1374 0.691722
1676 1406 0.237947
1677 1399 0.311032
1678 1390 0.378020
1679 1391 0.166576
1684 1401 0.159722
1685 1402 0.388298
1692 705 0.608803
1708 1421 0.435513
1725 1463 0.351280
1729 1473 0.591205
1731 1475 0.480394
1734 1464 0.691522
1736 1465 0.252671
1738 1455 0.430212
1743 1445 0.589278
1745 1482 0.196547
1746 1478 0.223753
1764 1492 0.525768
1765 1489 0.505383
1766 1373 0.665064
1769 1491 0.387631
1770 1488 0.566717
1785 1067 0.590232
1791 1502 0.506632
1794 1409 0.671429
1798 1497 0.628811
1838 1519 0.448251
1848 1532 0.465391
1850 1540 0.578979
1917 1280 0.635855
1931 1543 0.689861
1939 1545 0.499274
1984 1552 0.207298
2014 1087 0.675991
2045 1558 0.656781
2059 1568 0.639621
2072 1563 0.567766
2088 1575 0.342736
2095 71 0.650631
2099 272 0.663570
2103 1577 0.503499
2138 1593 0.564273
2143 1588 0.627588
2171 1651 0.609071
2174 1652 0.502696
2180 1670 0.636899
2185 1650 0.678470
2192 1653 0.499767
2212 927 0.580640
2217 1691 0.530915
2225 1723 0.611651
2229 1757 0.423337
2230 1715 0.553156
2233 1758 0.421731
2256 1731 0.657034
2293 1838 0.624084
2315 1847 0.586116
2316 1850 0.289057
2319 1854 0.000000
