367
0 4 0.217055
20 236 0.654037
48 222 0.532540
61 273 0.488369
64 282 0.662708
80 333 0.632462
81 1011 0.616274
86 359 0.449178
89 358 0.666320
93 364 0.519280
98 357 0.308956
105 399 0.530814
106 406 0.429614
108 412 0.691781
112 419 0.596670
116 418 0.638922
119 411 0.339295
123 96 0.297650
125 429 0.449855
128 449 0.402070
132 448 0.360828
139 467 0.381629
141 492 0.597722
142 486 0.623781
147 473 0.457647
148 509 0.450924
149 496 0.359201
151 490 0.466632
157 521 0.521441
158 529 0.440415
161 520 0.616752
165 518 0.353745
168 533 0.301260
169 534 0.319571
176 555 0.535046
179 550 0.527588
180 565 0.480598
185 564 0.508388
192 589 0.584426
195 607 0.277771
201 606 0.648401
205 618 0.465413
206 623 0.651114
208 616 0.666057
209 650 0.359806
214 648 0.574488
219 636 0.567194
225 656 0.528072
226 665 0.602355
237 663 0.256112
244 700 0.394923
245 701 0.664396
264 736 0.627851
268 744 0.449184
276 749 0.567157
282 773 0.633934
283 775 0.498634
293 786 0.546775
303 804 0.677541
304 821 0.602335
310 825 0.633694
315 833 0.608746
324 845 0.408218
326 867 0.293471
328 859 0.501504
329 865 0.688392
331 893 0.458202
340 891 0.595605
349 988 0.672731
354 897 0.465018
361 910 0.311925
369 937 0.348037
370 943 0.300968
376 942 0.619566
377 949 0.379139
382 941 0.641134
383 955 0.693441
394 1209 0.594777
397 965 0.541386
419 1041 0.546722
423 1068 0.328571
430 1026 0.337577
435 1076 0.671172
441 1104 0.633110
443 1065 0.672593
456 1120 0.607398
464 1100 0.318332
465 1107 0.545449
469 1106 0.693686
470 1119 0.277794
475 1148 0.384329
478 1118 0.349181
480 1146 0.648882
482 1154 0.321310
483 1155 0.378937
488 1138 0.530468
492 1186 0.699457
495 1174 0.684448
500 1173 0.586273
502 1198 0.482394
503 1153 0.660166
511 1171 0.273252
514 1203 0.224006
515 1618 0.618477
534 1211 0.564534
537 1235 0.372910
539 1221 0.373035
543 1226 0.482874
566 1260 0.428241
569 1274 0.576538
570 1267 0.585291
573 1266 0.441435
582 1272 0.454416
584 1312 0.646216
589 1301 0.696191
604 1309 0.514032
610 1329 0.515273
630 1345 0.515851
641 1375 0.398290
642 1376 0.544148
643 1401 0.607032
646 1392 0.583168
650 1399 0.395574
653 1391 0.156779
657 1396 0.448921
659 1398 0.496973
660 1420 0.696601
667 1398 0.462406
668 1426 0.327708
674 1434 0.596805
689 1439 0.386524
691 1459 0.272203
696 1493 0.612587
700 1479 0.444968
703 1466 0.235470
706 1488 0.640878
714 1485 0.570087
715 1486 0.303654
735 1518 0.193352
736 1522 0.390634
737 1523 0.599233
748 1534 0.502244
749 1535 0.308290
751 1550 0.627058
752 1551 0.456677
756 2101 0.561189
759 1548 0.503587
766 1557 0.254255
779 1575 0.335147
780 1586 0.482156
792 1585 0.222191
794 1595 0.412397
796 1603 0.686031
810 1608 0.347917
811 1622 0.490340
836 1635 0.698436
838 1655 0.203474
845 1665 0.286981
846 1670 0.662406
848 1673 0.568407
849 1670 0.677648
850 1676 0.324621
851 1677 0.439956
860 1430 0.654324
864 1689 0.564386
866 1698 0.383431
871 1637 0.425116
886 1702 0.398735
888 1720 0.490880
889 1722 0.516284
892 1775 0.619689
896 1718 0.267099
897 1719 0.236093
898 1455 0.655106
902 1736 0.553656
903 1738 0.667529
912 1746 0.311019
913 1747 0.584828
917 1754 0.594532
919 1757 0.687833
925 1745 0.571963
926 1751 0.198128
927 1143 0.683731
934 1759 0.204809
949 1775 0.351099
950 1790 0.676643
958 1774 0.660312
959 1787 0.297488
961 1789 0.520965
966 1786 0.629656
970 1809 0.365423
976 1817 0.571741
990 1841 0.650858
999 1828 0.446380
1000 1829 0.184075
1001 1830 0.465432
1010 1843 0.553240
1020 1871 0.482401
1021 1882 0.487687
1026 1868 0.672668
1027 1881 0.671452
1051 1887 0.366363
1052 1898 0.685366
1053 1899 0.469526
1056 2204 0.521139
1074 1903 0.549006
1096 1939 0.587013
1119 1952 0.594871
1121 1961 0.649380
1130 1280 0.589771
1134 1981 0.649578
1178 2023 0.689040
1179 2024 0.281086
1181 2028 0.509155
1184 2029 0.572883
1192 2044 0.512330
1210 2058 0.369426
1211 2060 0.344247
1222 2067 0.623075
1231 2076 0.371270
1240 336 0.671649
1264 2099 0.366490
1265 2100 0.432071
1274 2294 0.579268
1281 2114 0.626800
1296 2129 0.361072
1297 2130 0.666925
1305 2137 0.406521
1306 2138 0.283929
1313 2146 0.595169
1317 976 0.698232
1320 2151 0.572622
1328 2157 0.370233
1334 2161 0.685922
1337 2159 0.419428
1341 2168 0.218047
1342 2169 0.655808
1345 1391 0.623542
1349 2171 0.278744
1350 2172 0.313825
1351 2173 0.678084
1359 2183 0.281761
1360 2184 0.620567
1361 2185 0.514588
1362 2186 0.525399
1363 2187 0.431838
1369 2191 0.453495
1370 2192 0.478157
1372 2189 0.504862
1376 2197 0.391745
1377 2198 0.596899
1385 2207 0.209586
1388 2200 0.276726
1389 2201 0.610610
1394 2208 0.601076
1395 2210 0.596556
1396 2211 0.575787
1397 2213 0.461580
1405 2218 0.377689
1408 2231 0.627772
1411 2225 0.355209
1412 2226 0.630137
1415 2219 0.619284
1425 2239 0.377572
1434 2243 0.353112
1435 2245 0.584166
1436 2246 0.585830
1437 2204 0.492050
1442 2247 0.294792
1443 2248 0.479939
1449 2252 0.441187
1450 2253 0.446720
1451 2254 0.520662
1469 2195 0.668196
1483 98 0.655099
1489 2268 0.522417
1495 2276 0.626810
1498 2271 0.540557
1502 2273 0.600589
1514 2249 0.601847
1517 1886 0.505319
1523 2285 0.520080
1527 2290 0.394752
1538 2278 0.552101
1539 2315 0.565817
1543 2325 0.618178
1546 2330 0.526775
1548 2334 0.537188
1549 2331 0.313935
1550 2340 0.228334
1551 2341 0.373465
1556 2339 0.549427
1558 2352 0.430986
1561 2356 0.604773
1563 2360 0.689583
1566 2357 0.489282
1572 2364 0.384169
1573 2361 0.635323
1576 2368 0.442327
1581 2369 0.617877
1588 2367 0.393780
1593 2382 0.356070
1595 2375 0.562500
1599 2390 0.636527
1602 2391 0.689569
1603 2324 0.459304
1610 2387 0.556605
1612 2399 0.445030
1616 2392 0.423780
1619 2416 0.663712
1622 2400 0.424228
1623 2423 0.505480
1626 2426 0.413007
1627 2422 0.678323
1628 2424 0.648836
1631 2401 0.610887
1633 2428 0.580497
1635 2279 0.585249
1637 2434 0.679162
1656 2455 0.488672
1657 2338 0.436824
1660 2427 0.616950
1663 2448 0.476981
1668 2466 0.457754
1693 2471 0.488946
1697 2489 0.562007
1707 2485 0.492006
1711 2481 0.490553
1723 2526 0.613928
1730 2494 0.586654
1733 2500 0.441749
1738 2538 0.639236
1743 2516 0.664943
1746 2517 0.546035
1748 2548 0.658844
1759 2549 0.564200
1761 2503 0.689860
1767 2550 0.506230
1768 2527 0.660096
1769 2518 0.683549
1780 2541 0.552054
1786 2573 0.499925
1790 2532 0.658197
1810 2607 0.362654
1811 2593 0.592366
1817 2557 0.584870
1820 2615 0.633727
1823 2609 0.450605
1825 2594 0.352737
1840 2558 0.628524
1842 2595 0.669453
1856 2598 0.527066
1867 2585 0.690035
1876 2603 0.593034
1882 2612 0.477064
1887 2643 0.657107
1888 2643 0.528497
1905 2661 0.672513
1912 2659 0.653407
1914 2661 0.645367
1922 2663 0.633925
1928 2682 0.646150
1932 2682 0.695586
1934 2683 0.699541
1935 2685 0.695424
1940 2684 0.664227
1943 2687 0.000000
