581
25 2145 0.698293
86 56 0.554556
119 156 0.475396
131 2086 0.595822
148 814 0.692774
153 132 0.678311
157 2777 0.644677
174 242 0.537897
197 398 0.647121
206 305 0.513131
239 350 0.617386
243 274 0.639810
247 4504 0.672051
252 298 0.690373
259 325 0.461539
261 369 0.590744
286 387 0.363905
312 367 0.335985
320 447 0.382077
344 332 0.554496
348 396 0.636892
351 454 0.670778
359 427 0.287454
412 443 0.450346
429 490 0.453855
479 554 0.485378
486 478 0.645063
501 545 0.542246
508 488 0.699362
525 569 0.690156
528 4525 0.375805
532 594 0.653301
562 553 0.537602
577 648 0.467852
582 599 0.670635
596 2055 0.689690
598 676 0.321799
607 613 0.433138
617 688 0.606249
640 700 0.586999
648 634 0.530857
652 699 0.341781
713 1886 0.691231
729 695 0.360428
732 828 0.605883
743 760 0.642522
754 817 0.657974
767 743 0.434681
785 758 0.418612
791 834 0.473978
805 816 0.337038
807 881 0.624451
831 801 0.623083
852 831 0.449636
859 869 0.335212
870 918 0.286157
871 927 0.667495
891 868 0.464066
893 885 0.377543
907 867 0.567241
908 896 0.629693
918 915 0.429505
919 4445 0.698684
926 934 0.610331
933 938 0.360147
941 933 0.634915
953 979 0.645380
967 194 0.655351
973 969 0.352945
994 990 0.677882
995 991 0.544468
1001 1010 0.563986
1003 1067 0.655380
1008 1009 0.466743
1019 1112 0.635557
1027 1018 0.273269
1047 1041 0.644663
1070 1156 0.660623
1099 1177 0.548725
1118 1134 0.436103
1127 1120 0.677984
1128 1132 0.323739
1163 1181 0.347199
1164 1198 0.654606
1166 1224 0.441352
1181 1268 0.671061
1182 3656 0.683444
1191 1197 0.508912
1192 1267 0.611673
1209 1265 0.421309
1255 20 0.599086
1256 1332 0.410135
1268 1320 0.483667
1275 1287 0.518910
1276 2733 0.499446
1285 1286 0.621490
1286 1318 0.523263
1299 1340 0.680326
1311 1315 0.618181
1314 1374 0.431643
1342 1337 0.614763
1350 1386 0.530082
1369 1398 0.481718
1384 1397 0.634848
1385 1406 0.532548
1393 1430 0.549247
1400 1451 0.541612
1409 1415 0.501974
1410 1416 0.509679
1411 1458 0.331846
1438 1475 0.580588
1447 1450 0.412689
1456 1449 0.579848
1464 1474 0.560795
1496 1499 0.330483
1497 1523 0.605006
1499 1535 0.467202
1500 1541 0.429723
1539 1588 0.600614
1540 1599 0.646713
1546 1598 0.396976
1555 1567 0.425281
1569 1548 0.650295
1575 1621 0.407628
1583 1584 0.678049
1596 1611 0.659001
1597 1618 0.497593
1598 1619 0.567092
1609 1615 0.260016
1610 1616 0.656610
1613 1668 0.336402
1618 1600 0.430219
1628 1685 0.398788
1638 1646 0.464427
1639 1647 0.586684
1646 1676 0.604976
1654 1665 0.430074
1663 1682 0.383602
1664 1683 0.456436
1674 1700 0.577848
1678 1712 0.669846
1688 1698 0.156981
1691 1731 0.389991
1692 1740 0.698525
1701 1705 0.353413
1702 1710 0.523263
1714 1717 0.430219
1724 1716 0.621987
1726 1739 0.671406
1737 1738 0.345385
1738 1774 0.433258
1758 1763 0.278959
1767 1772 0.452055
1793 1826 0.536022
1798 1800 0.600188
1800 1810 0.419915
1811 1825 0.364520
1817 1798 0.487396
1818 1808 0.606126
1820 1839 0.654089
1821 1846 0.568943
1852 1849 0.313589
1857 1836 0.501538
1860 1879 0.367843
1861 1883 0.368137
1862 1884 0.623975
1867 1887 0.559554
1868 1888 0.614187
1872 1875 0.524121
1894 1908 0.365653
1903 1928 0.465027
1909 1893 0.464544
1911 1904 0.329089
1912 1906 0.350686
1914 1927 0.396708
1917 2328 0.677599
1924 1917 0.612511
1938 1948 0.358675
1944 1965 0.395214
1993 2008 0.392453
1994 2009 0.496982
1995 2010 0.614693
2000 1997 0.360803
2004 2004 0.561357
2005 2014 0.375372
2013 2032 0.387897
2030 2217 0.639714
2032 2042 0.364446
2041 2029 0.469210
2043 2050 0.551775
2050 2027 0.371560
2051 2039 0.483305
2055 2066 0.630616
2060 2065 0.411678
2069 2055 0.500163
2073 126 0.672049
2075 2328 0.672870
2076 2046 0.549089
2077 2063 0.647107
2089 2062 0.529795
2090 2071 0.676998
2098 2075 0.573894
2101 74 0.698443
2117 2101 0.502772
2121 2099 0.635528
2123 2108 0.682008
2125 2114 0.540355
2126 2115 0.682846
2131 2107 0.393030
2144 2123 0.607512
2145 2124 0.686224
2148 2146 0.602149
2161 2132 0.362701
2171 2143 0.487843
2172 2153 0.463527
2180 2168 0.485954
2209 2184 0.694992
2210 2192 0.383238
2211 2193 0.532231
2219 2182 0.378605
2231 2216 0.447658
2234 2225 0.443571
2240 2224 0.589210
2264 2222 0.504384
2265 2186 0.614993
2276 2247 0.562425
2283 2271 0.563701
2300 2267 0.615829
2302 2280 0.666296
2309 2289 0.667648
2314 2288 0.512772
2321 2293 0.503182
2329 2301 0.405932
2337 2309 0.222922
2356 2330 0.348315
2358 2328 0.533513
2359 2329 0.343144
2361 2337 0.482265
2363 2335 0.496132
2369 2341 0.686630
2387 2340 0.417753
2388 2346 0.294909
2390 2356 0.671809
2408 2368 0.316756
2410 2366 0.200283
2411 2367 0.688321
2412 2371 0.617552
2413 2372 0.514905
2414 2145 0.673637
2422 4561 0.667693
2427 4285 0.446552
2429 2458 0.622035
2433 2381 0.513146
2436 2388 0.679502
2441 2390 0.463413
2442 2391 0.515420
2485 2435 0.622413
2495 2439 0.335244
2496 2440 0.423622
2531 2463 0.550726
2532 2464 0.662899
2554 2619 0.633530
2561 2481 0.699055
2565 2494 0.680802
2588 2501 0.691452
2601 2521 0.589772
2603 2523 0.559504
2614 2535 0.438101
2642 2557 0.675884
2645 867 0.647054
2680 2601 0.164667
2682 2607 0.116027
2687 2617 0.584651
2703 2646 0.399816
2721 4525 0.245045
2730 2695 0.564606
2733 2781 0.610821
2734 2575 0.614288
2738 2742 0.562345
2741 2743 0.482921
2745 2757 0.400563
2749 2768 0.236374
2750 2772 0.678991
2752 2773 0.603146
2756 2800 0.649665
2757 2802 0.560911
2758 2809 0.522773
2759 2817 0.404403
2761 3562 0.660453
2766 2546 0.645696
2767 2834 0.691483
2778 2858 0.560081
2788 3656 0.648480
2792 2882 0.492731
2805 2934 0.386834
2806 2935 0.526294
2811 2937 0.605839
2814 2999 0.488191
2816 2954 0.524093
2820 2955 0.394988
2823 2971 0.693104
2825 2980 0.520716
2828 2957 0.453470
2830 2958 0.501754
2832 2987 0.542574
2836 2966 0.556290
2839 3006 0.419095
2841 3000 0.651074
2845 3007 0.360240
2851 3017 0.199104
2854 3029 0.388679
2859 3048 0.525535
2862 3024 0.340672
2863 3018 0.500976
2865 3065 0.395412
2869 3067 0.620604
2871 3038 0.622751
2872 3059 0.472288
2877 3102 0.453298
2878 3068 0.363157
2879 3050 0.642521
2880 2816 0.455423
2882 3109 0.566703
2884 3095 0.677282
2885 3070 0.636617
2887 3052 0.629889
2888 3562 0.546058
2897 3118 0.528785
2901 3097 0.486282
2905 3120 0.431231
2906 3121 0.573653
2912 3135 0.398701
2914 3111 0.412202
2915 4316 0.594983
2919 3164 0.368398
2920 3152 0.665685
2926 3165 0.505066
2927 3153 0.639495
2933 3143 0.434642
2942 3196 0.488360
2952 3224 0.559298
2955 3197 0.297008
2956 3187 0.511037
2964 3211 0.552648
2965 3205 0.617330
2970 3215 0.517010
2974 3263 0.407041
2976 3239 0.382393
2978 3276 0.291104
2981 3292 0.482795
2983 3272 0.596413
2984 3240 0.538539
2987 3264 0.441589
2988 3265 0.250445
2990 3252 0.572642
2992 3241 0.556954
3000 3307 0.444974
3004 3254 0.640408
3005 4525 0.696886
3009 3333 0.635568
3013 3296 0.381696
3016 2781 0.613025
3018 3316 0.540362
3019 3308 0.453039
3027 3335 0.669788
3030 3355 0.502173
3037 3375 0.485958
3038 3369 0.512576
3042 3363 0.585696
3043 3364 0.440236
3047 3395 0.515005
3048 3388 0.390379
3051 3343 0.638722
3055 3401 0.609296
3057 3356 0.403959
3058 3344 0.607957
3072 3418 0.644975
3073 3419 0.397629
3074 3410 0.412500
3078 3411 0.692880
3079 3402 0.566793
3084 3391 0.556246
3086 3084 0.424694
3087 3441 0.519404
3088 3420 0.681994
3091 3392 0.677935
3092 3379 0.495098
3093 3380 0.598642
3097 3465 0.301634
3100 3452 0.698540
3101 3443 0.506467
3104 3404 0.465791
3109 3426 0.666520
3110 3422 0.322886
3114 3466 0.575124
3118 3486 0.293470
3119 3453 0.592539
3120 3454 0.580226
3122 3431 0.545247
3126 3477 0.586141
3129 3456 0.270653
3130 3512 0.443524
3132 3468 0.403199
3133 3458 0.311339
3134 3459 0.506663
3136 3444 0.322115
3137 3445 0.643142
3140 3503 0.361041
3145 3491 0.541616
3151 3515 0.180168
3152 3516 0.532312
3153 3552 0.607760
3154 3544 0.371618
3161 3546 0.378624
3162 3527 0.457793
3163 3528 0.487174
3164 3497 0.640490
3166 3554 0.632043
3170 3555 0.532739
3174 3584 0.672013
3179 3606 0.647039
3180 3573 0.317793
3181 3547 0.561790
3184 3534 0.577253
3185 3617 0.499884
3187 3585 0.413563
3196 3607 0.626086
3197 3593 0.329643
3199 3626 0.637913
3201 3601 0.492921
3202 3084 0.594760
3207 3618 0.286286
3208 3586 0.282825
3209 3629 0.583440
3210 3609 0.450518
3213 3580 0.329864
3216 3658 0.258602
3222 3072 0.627468
3224 3639 0.604076
3225 3641 0.463761
3226 3630 0.309942
3229 3681 0.533768
3244 3620 0.600971
3248 3707 0.391908
3250 3631 0.569384
3251 3750 0.650330
3252 3708 0.415108
3254 3650 0.565455
3256 3719 0.659103
3257 3683 0.480505
3259 3667 0.528211
3262 3728 0.625362
3265 3659 0.684896
3267 3676 0.558428
3268 3781 0.391967
3269 3782 0.532888
3270 3765 0.656107
3272 3752 0.531213
3276 3759 0.222574
3277 3785 0.389825
3284 3734 0.491063
3286 3709 0.296910
3289 3761 0.453972
3290 3735 0.466079
3295 3806 0.416740
3296 3807 0.471397
3298 3816 0.409141
3304 3818 0.526523
3307 3775 0.354694
3308 3767 0.251834
3311 3854 0.465347
3317 3855 0.575428
3318 3843 0.393385
3320 3768 0.631968
3326 3810 0.366197
3330 3899 0.445080
3331 3885 0.569646
3332 3826 0.628509
3334 3858 0.359590
3338 1447 0.601930
3343 3907 0.666594
3346 3895 0.533113
3353 3900 0.667828
3354 3847 0.629415
3360 3955 0.486356
3361 3947 0.403876
3366 3914 0.672197
3369 3860 0.442303
3374 3861 0.557830
3377 4401 0.614831
3380 3940 0.661974
3386 3988 0.477476
3389 3888 0.489100
3390 4013 0.461437
3392 3981 0.491687
3393 3967 0.410735
3394 3949 0.499441
3395 3935 0.616521
3396 3923 0.673279
3398 2999 0.684713
3399 3990 0.500424
3401 3999 0.369809
3402 3956 0.509849
3403 3950 0.299759
3404 3915 0.621662
3407 4027 0.503927
3410 3951 0.533381
3412 3916 0.316034
3413 4002 0.481273
3417 4041 0.568902
3418 4028 0.419703
3420 4052 0.672332
3424 3957 0.627796
3431 4029 0.470690
3432 4022 0.401239
3434 3968 0.405178
3439 4014 0.400502
3440 3982 0.258072
3442 4054 0.567901
3453 4085 0.689370
3457 4023 0.486177
3458 717 0.469178
3459 4104 0.529546
3461 4077 0.648172
3463 4056 0.506521
3466 4064 0.242852
3468 4109 0.535119
3470 4086 0.646958
3476 4058 0.321722
3480 4115 0.628400
3483 4130 0.502826
3488 4137 0.671278
3490 4116 0.407618
3498 4210 0.663625
3507 4220 0.639941
3508 4201 0.698913
3509 4160 0.670963
3512 4192 0.454747
3515 4178 0.287546
3516 4161 0.669784
3520 955 0.643213
3528 4229 0.642853
3529 4203 0.324111
3532 4211 0.392786
3538 4212 0.589077
3543 4194 0.543827
3555 4252 0.388818
3556 4253 0.550663
3566 4280 0.583649
3567 4274 0.341906
3572 4258 0.441810
3575 4317 0.690484
3576 4281 0.322632
3579 4308 0.435423
3612 4372 0.509596
3615 4346 0.585698
3618 4363 0.487858
3619 4355 0.452740
3620 2733 0.562782
3625 4373 0.676239
3645 4327 0.612249
3651 4417 0.507786
3653 4285 0.369627
3666 4464 0.607534
3667 4478 0.547797
3700 4472 0.384414
3710 4472 0.599574
3722 4472 0.560766
3736 4570 0.321751
3737 4570 0.251066
3738 4571 0.393297
3739 4571 0.557043
3740 4571 0.325776
3741 4571 0.399564
3746 4575 0.674876
3747 4577 0.534356
3755 4585 0.680267
3758 4587 0.525955
3759 4588 0.532899
3760 4587 0.508177
3763 4599 0.000000
