trees_000.tga trees_001.tga 7.660251e-01 6.985388e-03 2.325921e+02 -9.437126e-02 8.675378e-01 1.290534e+01 -2.974551e-04 -1.305356e-05 9.091873e-01
trees_001.tga trees_002.tga 7.556783e-01 -7.731425e-04 2.210951e+02 -9.704003e-02 8.720206e-01 9.003033e+00 -3.170893e-04 3.470842e-06 9.073615e-01
trees_002.tga trees_003.tga 7.563770e-01 -1.354703e-03 2.166981e+02 -1.024746e-01 8.708627e-01 1.081079e+01 -3.239072e-04 3.916640e-06 9.073562e-01
trees_003.tga trees_004.tga 7.542248e-01 -4.960796e-03 2.191356e+02 -9.942444e-02 8.675665e-01 1.318650e+01 -3.152955e-04 -3.969406e-06 9.080995e-01
trees_004.tga trees_005.tga 7.074994e-01 -9.058116e-03 2.496179e+02 -1.118681e-01 8.481137e-01 7.707016e+00 -3.611444e-04 1.415565e-05 8.731132e-01
trees_005.tga trees_006.tga 7.524337e-01 -1.098488e-02 2.145096e+02 -9.913223e-02 8.603326e-01 2.009213e+01 -3.161149e-04 -1.512486e-05 9.087682e-01
trees_006.tga trees_007.tga 7.871442e-01 2.776010e-03 2.090312e+02 -9.119999e-02 8.847862e-01 1.062801e+01 -2.928859e-04 -1.965832e-07 9.222552e-01
trees_007.tga trees_008.tga 7.683951e-01 -1.363499e-02 2.135360e+02 -9.503697e-02 8.728013e-01 1.299111e+01 -3.019948e-04 -4.830075e-06 9.156152e-01
trees_008.tga trees_009.tga 7.289565e-01 -1.254685e-02 2.209701e+02 -1.073635e-01 8.439972e-01 1.602160e+01 -3.323891e-04 -1.878941e-05 8.978287e-01
trees_009.tga trees_010.tga 7.763555e-01 -9.044306e-03 2.181994e+02 -8.463127e-02 8.908197e-01 1.051081e+01 -2.893242e-04 6.267721e-06 9.187954e-01
trees_010.tga trees_011.tga 5.591366e-01 -2.188802e-02 2.889116e+02 -1.310241e-01 7.435545e-01 7.837770e+00 -4.468744e-04 2.543777e-06 7.675662e-01
trees_011.tga trees_012.tga 8.868055e-01 5.208613e-03 1.228349e+02 -6.501835e-02 9.424333e-01 8.179384e+00 -1.902557e-04 4.320905e-06 9.737461e-01
trees_012.tga trees_013.tga 7.709016e-01 -8.548517e-03 2.140384e+02 -9.544282e-02 8.844329e-01 9.840789e+00 -3.072859e-04 9.550858e-06 9.149358e-01
trees_013.tga trees_014.tga 7.670824e-01 -9.748878e-03 2.163234e+02 -9.239435e-02 8.740926e-01 1.034465e+01 -3.040308e-04 -2.761178e-06 9.139846e-01
trees_014.tga trees_015.tga 7.303768e-01 -4.850347e-03 2.364074e+02 -1.013176e-01 8.533788e-01 1.159235e+01 -3.308055e-04 -5.143046e-06 8.925433e-01
trees_015.tga trees_016.tga 7.547900e-01 -3.819114e-03 2.172097e+02 -9.708791e-02 8.650308e-01 1.128583e+01 -3.118065e-04 -1.197818e-05 9.096549e-01
trees_016.tga trees_017.tga 7.047331e-01 -1.095123e-02 2.451041e+02 -1.120330e-01 8.390239e-01 1.131063e+01 -3.613018e-04 3.119743e-06 8.741905e-01
trees_017.tga trees_000.tga 8.046077e-01 -6.908975e-03 1.784650e+02 -8.616535e-02 8.902704e-01 1.907108e+01 -2.673509e-04 -1.404979e-05 9.399990e-01
