303
0 0 0.714300
1 1 0.030475
2 645 0.617938
3 102 0.568276
4 2 0.094804
5 2 0.039162
6 2 0.147352
7 2 0.101815
9 4 0.411558
11 64 0.749926
14 137 0.776050
15 176 0.774818
17 23 0.526589
18 24 0.631808
20 27 0.571344
21 13 0.685873
24 19 0.369802
26 17 0.353388
27 26 0.456450
28 27 0.523900
32 21 0.635322
35 28 0.603646
39 39 0.778473
40 38 0.304034
41 257 0.652266
45 47 0.449234
46 51 0.657948
47 45 0.410882
48 257 0.718769
49 37 0.776970
50 57 0.522975
51 56 0.633556
52 86 0.775237
53 235 0.678354
56 61 0.454138
59 70 0.415786
60 71 0.665733
61 74 0.370365
62 76 0.367869
63 77 0.751952
64 111 0.620361
68 82 0.732463
72 86 0.677093
75 85 0.431993
83 90 0.468627
84 91 0.601777
85 92 0.757894
89 100 0.734910
91 407 0.624128
92 128 0.734837
94 541 0.770956
103 108 0.796157
105 113 0.383728
107 114 0.403603
115 121 0.416213
116 132 0.670615
117 915 0.715736
118 532 0.795708
121 130 0.658380
122 131 0.344976
125 72 0.771934
133 129 0.751294
135 136 0.437276
137 137 0.709593
138 138 0.351912
139 139 0.752159
153 147 0.406472
154 149 0.474894
155 155 0.599310
164 156 0.407652
165 157 0.305025
167 376 0.752994
169 181 0.613083
170 182 0.668926
173 180 0.506169
177 110 0.738545
182 447 0.780034
186 191 0.416438
192 671 0.637408
193 257 0.719493
194 213 0.656500
199 720 0.724707
202 118 0.668671
204 218 0.692348
205 220 0.737605
209 226 0.711848
211 228 0.448926
212 229 0.434585
213 230 0.548054
214 325 0.769009
222 236 0.702042
223 251 0.737922
225 238 0.382660
226 239 0.395652
228 156 0.719381
229 259 0.668814
231 257 0.772762
240 264 0.569453
242 396 0.715456
248 522 0.751897
254 285 0.740184
255 280 0.525748
263 286 0.615991
264 72 0.553701
266 289 0.351398
267 290 0.459590
274 294 0.648297
275 295 0.787744
279 299 0.712038
280 760 0.782798
283 307 0.479361
288 302 0.515694
295 320 0.764879
296 939 0.794413
299 946 0.790427
315 322 0.430970
316 966 0.718739
317 118 0.732383
320 879 0.774212
321 324 0.342083
322 320 0.534341
328 326 0.677390
329 546 0.764574
338 340 0.589228
339 335 0.745779
346 337 0.618072
355 346 0.689413
357 768 0.712605
360 350 0.554020
364 351 0.748245
366 348 0.768703
370 361 0.760266
374 111 0.754711
375 364 0.611808
378 345 0.538002
383 369 0.474247
385 370 0.733614
392 375 0.725946
393 378 0.625949
398 209 0.701649
404 379 0.446021
405 176 0.721384
411 397 0.622693
412 395 0.669936
417 390 0.705260
421 869 0.783931
423 435 0.720774
429 436 0.348591
430 406 0.424832
440 668 0.799933
443 452 0.604612
445 273 0.624965
450 456 0.314459
451 453 0.505432
456 401 0.799463
461 461 0.584405
463 473 0.780579
466 464 0.582876
468 439 0.407364
469 700 0.744833
475 468 0.561423
481 952 0.760260
491 325 0.728471
497 517 0.448252
501 536 0.432501
502 506 0.439159
506 286 0.784738
507 549 0.659632
509 490 0.493435
513 560 0.462722
517 518 0.769452
521 565 0.285039
525 566 0.591616
526 567 0.724023
534 570 0.174104
540 585 0.527544
541 586 0.707167
542 574 0.418190
544 588 0.597130
545 580 0.596735
546 555 0.729791
556 354 0.610370
559 600 0.578075
560 619 0.485987
561 613 0.469827
562 563 0.541426
565 582 0.702551
569 623 0.574332
576 601 0.650648
577 594 0.440885
579 102 0.724890
580 615 0.201955
586 631 0.208009
587 627 0.513899
589 605 0.551272
596 609 0.208762
597 602 0.701507
622 775 0.545958
623 639 0.478368
624 629 0.562531
632 635 0.606049
635 670 0.339761
639 652 0.531721
641 842 0.788225
644 625 0.318182
645 680 0.468130
654 764 0.715999
655 517 0.730839
656 658 0.310534
662 671 0.717269
663 670 0.564708
670 693 0.248305
676 706 0.537151
677 703 0.614957
682 689 0.256713
683 673 0.756403
689 974 0.519415
690 947 0.774111
691 713 0.264772
692 692 0.147014
693 189 0.374172
696 731 0.742727
705 944 0.777815
706 922 0.757661
710 557 0.757428
711 1 0.601506
716 760 0.518256
718 742 0.525868
719 709 0.425199
724 764 0.216243
725 767 0.777876
732 768 0.363291
734 531 0.792425
738 746 0.589605
745 747 0.394134
747 781 0.394708
748 774 0.505022
750 740 0.304138
751 800 0.709455
755 807 0.758459
756 795 0.632194
757 732 0.270922
761 775 0.476392
767 769 0.777288
768 762 0.647448
775 783 0.568225
776 776 0.574474
777 757 0.419033
787 763 0.339524
789 758 0.413887
792 797 0.659679
795 841 0.539532
796 784 0.638634
799 671 0.741206
801 742 0.407788
802 810 0.297753
804 857 0.787379
805 858 0.379323
806 866 0.477044
809 749 0.739813
810 880 0.335638
819 575 0.689102
822 792 0.760021
823 649 0.552827
829 698 0.797746
833 837 0.389536
837 898 0.472107
841 922 0.578600
845 114 0.639675
850 473 0.750614
851 76 0.695139
855 921 0.608034
860 923 0.430463
866 921 0.605095
867 937 0.593958
873 341 0.682413
876 695 0.788554
880 964 0.723649
890 753 0.762088
902 975 0.597432
905 118 0.750509
907 981 0.242573
908 983 0.475600
909 983 0.746426
910 994 0.678014
911 990 0.501874
912 1001 0.748451
914 992 0.613768
915 983 0.406675
917 999 0.574126
919 983 0.792508
921 1011 0.711624
922 999 0.590930
923 1011 0.209263
924 986 0.774195
927 990 0.661687
928 994 0.650784
933 1004 0.462296
934 983 0.603320
936 994 0.669356
937 1002 0.550013
938 992 0.777988
939 1012 0.000000
