269
0 0 0.763910
1 1 0.084381
3 3 0.673297
4 563 0.718460
6 397 0.768374
15 203 0.718950
16 5 0.599926
18 12 0.679037
21 11 0.614697
22 9 0.392074
28 25 0.773092
29 11 0.510141
30 11 0.524469
35 15 0.485185
37 49 0.378236
38 57 0.464193
41 56 0.636636
43 58 0.569164
44 64 0.715502
48 66 0.531537
50 69 0.734644
53 98 0.625112
64 69 0.750628
68 81 0.509526
69 77 0.387063
76 90 0.569274
80 844 0.786978
82 647 0.595671
85 847 0.746865
100 126 0.417161
101 92 0.344586
104 95 0.760952
109 111 0.492802
110 112 0.595635
115 127 0.367367
118 113 0.589779
119 156 0.551780
120 145 0.516897
121 146 0.642185
122 129 0.440110
128 131 0.659224
129 33 0.752469
132 162 0.552726
133 157 0.534400
134 158 0.562505
136 152 0.530581
141 190 0.736245
142 133 0.644874
143 134 0.764778
145 135 0.548058
150 182 0.605362
153 183 0.477914
158 469 0.799109
160 235 0.655448
162 450 0.709529
168 201 0.299669
169 26 0.699242
173 233 0.341435
178 682 0.372424
181 228 0.479260
183 221 0.391284
186 1 0.624585
189 203 0.613376
195 258 0.675549
196 243 0.713267
198 209 0.564341
201 260 0.450226
202 261 0.604975
203 244 0.607396
204 245 0.587678
206 210 0.552607
215 252 0.341024
218 305 0.781885
219 206 0.791815
224 297 0.569013
227 272 0.248354
229 229 0.644044
232 273 0.607184
233 254 0.581153
234 247 0.337495
236 310 0.582559
237 451 0.706480
240 263 0.746872
246 284 0.649215
248 281 0.499360
249 264 0.459244
254 286 0.638869
260 290 0.666845
264 300 0.446224
266 287 0.440995
268 569 0.706489
273 324 0.411266
274 325 0.489904
275 318 0.322393
276 314 0.568473
277 292 0.472732
282 840 0.686594
284 367 0.325505
285 349 0.684647
287 125 0.793681
288 326 0.176929
289 640 0.733298
290 245 0.748499
293 359 0.437303
297 344 0.590144
299 334 0.438251
303 414 0.744815
307 396 0.656576
309 27 0.701694
316 354 0.420636
317 321 0.787433
319 403 0.759427
320 398 0.773085
321 873 0.642497
324 407 0.493824
325 390 0.583176
326 373 0.687659
327 360 0.543709
328 355 0.639756
330 339 0.470170
336 370 0.262802
339 400 0.676045
341 382 0.799366
342 375 0.450087
343 364 0.609324
344 325 0.794655
351 800 0.767984
352 108 0.775502
353 383 0.453156
356 282 0.708572
364 32 0.671736
365 393 0.457369
366 385 0.518575
367 386 0.555764
375 459 0.548430
379 460 0.572945
383 446 0.593442
384 322 0.720310
388 448 0.497955
391 477 0.739992
392 455 0.732692
396 414 0.340496
397 470 0.537867
398 432 0.646617
403 442 0.715072
405 425 0.794615
409 633 0.774552
410 449 0.714158
418 450 0.648823
420 796 0.727350
423 896 0.676284
426 567 0.748871
427 703 0.789888
429 538 0.572249
431 498 0.656952
433 609 0.772302
437 573 0.794163
438 504 0.635747
441 398 0.743340
442 533 0.579615
443 591 0.325122
446 152 0.765584
451 603 0.460555
452 582 0.560773
457 592 0.562681
462 526 0.586967
463 527 0.572013
466 618 0.346929
468 605 0.316790
469 657 0.629771
470 634 0.597632
471 585 0.643127
478 628 0.595597
479 1 0.560127
482 679 0.620067
483 674 0.292144
484 630 0.660610
486 554 0.391068
488 680 0.762950
489 655 0.685623
502 689 0.783030
503 693 0.525829
506 660 0.458614
507 687 0.537426
508 669 0.381098
509 569 0.508920
514 210 0.755712
516 708 0.419857
517 415 0.734825
518 684 0.755139
519 681 0.754930
523 704 0.706118
531 890 0.723779
533 695 0.293303
534 790 0.689756
539 742 0.722925
547 715 0.391355
548 706 0.650253
549 707 0.785852
550 790 0.742898
552 445 0.709313
556 733 0.608236
557 723 0.734615
558 728 0.657519
559 670 0.711124
566 734 0.743427
569 737 0.688909
570 735 0.491462
576 758 0.754430
577 742 0.770980
578 765 0.615677
588 691 0.413696
590 770 0.606258
591 605 0.742158
592 760 0.554272
593 764 0.768334
595 199 0.747048
598 783 0.456768
599 1 0.299848
601 790 0.677977
607 731 0.716852
611 799 0.782435
620 718 0.597362
625 790 0.620029
626 800 0.293224
628 149 0.712314
635 751 0.774418
636 848 0.792314
639 819 0.767178
640 842 0.772782
643 834 0.700740
645 756 0.412431
650 821 0.494181
651 747 0.359555
653 826 0.501680
654 825 0.637194
657 774 0.466193
660 579 0.746700
673 846 0.250266
681 830 0.628189
682 795 0.718171
685 852 0.616448
690 849 0.333495
697 805 0.679854
701 716 0.786263
702 810 0.514825
707 801 0.563688
708 552 0.621686
711 868 0.550360
712 866 0.643995
716 637 0.710425
721 879 0.774434
724 816 0.637574
729 869 0.700511
730 905 0.778889
733 872 0.784423
735 587 0.692376
737 837 0.672613
739 637 0.692617
747 564 0.681178
750 637 0.715110
762 904 0.715640
766 907 0.610136
769 912 0.458836
770 935 0.795189
771 926 0.604732
774 914 0.321981
777 909 0.582414
779 931 0.651011
