268
0 0 0.665553
1 1 0.058434
2 2 0.052127
12 366 0.704045
15 640 0.797603
42 15 0.728234
43 52 0.646912
48 43 0.334901
55 55 0.395189
56 41 0.711849
62 52 0.704369
66 445 0.685004
72 204 0.788274
79 30 0.785080
89 387 0.769108
109 1 0.424961
111 488 0.722705
115 122 0.565130
116 129 0.516149
117 130 0.599274
118 136 0.676725
122 323 0.794578
124 121 0.781359
153 161 0.688355
154 174 0.615138
156 677 0.776748
158 148 0.799916
160 158 0.609149
162 160 0.680820
163 169 0.261325
164 170 0.206573
165 171 0.467990
168 393 0.609460
175 183 0.359507
184 166 0.529009
189 609 0.748654
191 110 0.792904
199 213 0.706680
202 179 0.443521
203 181 0.460167
204 187 0.272233
205 190 0.508517
220 194 0.484121
224 235 0.608057
229 591 0.702109
232 203 0.650550
235 504 0.547145
238 557 0.747539
241 219 0.549361
242 220 0.414663
243 225 0.662838
244 226 0.668202
245 227 0.684289
246 232 0.630950
247 233 0.788642
248 234 0.570394
255 231 0.329180
257 505 0.414227
261 240 0.632644
262 256 0.748338
268 254 0.577292
278 582 0.719014
279 262 0.356331
281 525 0.696452
283 261 0.691118
295 632 0.720448
304 264 0.478017
306 464 0.730387
312 271 0.503315
314 274 0.614088
316 586 0.797739
318 276 0.609615
322 486 0.770421
325 280 0.786595
330 519 0.655586
332 282 0.686844
333 693 0.692249
345 286 0.595636
347 290 0.596907
354 590 0.603542
360 295 0.713620
362 125 0.786914
366 35 0.728280
367 68 0.791771
368 297 0.684926
373 301 0.739536
375 474 0.743463
376 299 0.747195
377 300 0.391119
382 304 0.469293
383 305 0.719541
384 302 0.595844
385 303 0.270481
387 14 0.701194
392 308 0.447795
397 310 0.674410
401 318 0.300183
403 314 0.411395
404 315 0.658829
407 325 0.347088
408 320 0.567082
413 326 0.724092
414 327 0.577288
418 341 0.703229
424 346 0.662233
425 331 0.654338
426 332 0.524559
427 332 0.763609
431 347 0.403235
433 343 0.217463
436 569 0.722177
437 354 0.559779
439 366 0.391939
441 360 0.759814
442 361 0.359008
443 362 0.723866
444 355 0.295488
450 377 0.554801
465 381 0.775622
471 231 0.798881
481 428 0.733889
482 388 0.609485
486 388 0.790365
487 389 0.712740
489 566 0.693077
490 413 0.559259
491 395 0.435746
495 397 0.580335
514 400 0.737472
516 622 0.715630
522 404 0.537654
527 414 0.339859
530 212 0.794553
533 441 0.574294
534 431 0.672320
543 432 0.692007
546 664 0.670812
547 443 0.630367
559 437 0.268398
572 438 0.637728
576 458 0.379504
577 454 0.751994
578 449 0.599026
580 524 0.764024
583 340 0.772035
590 477 0.691575
595 486 0.663926
602 487 0.728763
603 483 0.732466
605 492 0.568270
609 493 0.535489
610 473 0.286044
612 464 0.487063
614 449 0.705364
616 587 0.756196
621 474 0.697131
622 471 0.641714
625 506 0.455567
626 75 0.724741
628 495 0.536542
632 59 0.722669
633 310 0.784274
644 514 0.619734
645 499 0.659124
653 463 0.623267
654 550 0.561166
657 527 0.630722
660 540 0.459103
661 528 0.314760
663 642 0.705860
672 720 0.784406
674 555 0.596020
676 529 0.660119
678 573 0.573385
681 556 0.393046
686 574 0.397349
688 445 0.765580
702 588 0.288349
704 566 0.770687
707 567 0.736736
717 1 0.585054
718 600 0.715881
720 189 0.701411
725 602 0.378052
728 596 0.737277
729 715 0.706504
731 111 0.730079
732 617 0.281028
740 335 0.696239
741 594 0.474231
748 623 0.559243
750 192 0.772223
751 610 0.506535
755 702 0.774786
757 583 0.745766
758 632 0.465853
760 536 0.782580
782 14 0.719786
789 624 0.602039
790 621 0.757126
792 653 0.393906
799 633 0.469497
801 654 0.720746
805 643 0.555762
813 644 0.428098
814 639 0.752498
818 672 0.721541
822 667 0.587683
823 625 0.692839
824 254 0.613795
830 650 0.686583
832 278 0.701143
835 480 0.513829
842 143 0.769531
843 568 0.783734
844 647 0.690749
846 675 0.519279
847 673 0.568542
848 683 0.707472
849 681 0.533288
852 660 0.711011
859 689 0.646063
867 678 0.535340
871 697 0.721308
877 656 0.705027
884 683 0.510565
888 711 0.637394
889 670 0.614030
891 599 0.748353
895 403 0.755725
896 687 0.560472
909 690 0.757902
910 619 0.789462
914 593 0.777047
921 425 0.701292
922 713 0.541870
925 698 0.779977
929 664 0.630722
942 691 0.483375
943 721 0.288140
946 677 0.796437
947 33 0.760041
948 587 0.766110
957 9 0.783705
958 587 0.788602
961 704 0.786019
963 723 0.757247
970 682 0.723191
976 730 0.325793
977 733 0.675457
978 739 0.754046
981 745 0.328180
982 745 0.701020
983 749 0.647179
987 751 0.551462
988 751 0.603924
990 749 0.763204
991 751 0.337214
994 753 0.710218
998 751 0.713534
1000 750 0.702908
1001 751 0.611853
1002 754 0.718382
1006 753 0.786627
1007 755 0.453148
1011 757 0.263080
1013 763 0.000000
1014 763 0.000000
