188
1 1 0.085717
4 512 0.743980
6 17 0.688292
7 521 0.735902
8 7 0.610801
11 4 0.745503
14 7 0.374642
15 8 0.318203
16 11 0.390375
17 12 0.486153
18 7 0.794600
21 10 0.246226
22 19 0.598098
23 28 0.732110
24 9 0.637917
26 30 0.708523
29 298 0.764636
34 339 0.704465
42 26 0.778697
43 61 0.571753
46 168 0.733365
47 31 0.732022
48 23 0.722280
54 312 0.772958
56 28 0.364767
57 32 0.259923
58 31 0.509580
60 13 0.772410
62 35 0.695499
66 37 0.706095
67 38 0.626398
68 234 0.798379
70 41 0.452798
71 42 0.731026
72 43 0.741099
75 47 0.537452
78 51 0.436556
79 52 0.381920
80 55 0.792397
81 56 0.530376
84 58 0.793117
86 59 0.427225
87 381 0.613346
88 61 0.315413
89 62 0.761567
90 63 0.523344
95 69 0.437343
96 71 0.344486
97 70 0.307179
101 73 0.560834
103 75 0.671105
105 81 0.653192
108 84 0.403822
110 85 0.611271
114 96 0.398815
116 88 0.722816
117 89 0.325108
118 90 0.487114
121 91 0.561482
123 92 0.756897
125 93 0.386596
127 101 0.593957
128 145 0.751024
129 18 0.657954
132 118 0.600689
133 124 0.515324
138 135 0.534521
139 120 0.640198
143 145 0.440727
144 136 0.571264
146 129 0.743756
147 146 0.492632
151 133 0.633779
152 286 0.682896
155 154 0.608817
156 216 0.753007
158 155 0.381116
161 370 0.700208
164 151 0.603864
170 184 0.335385
172 174 0.387180
174 185 0.390039
175 186 0.257384
179 176 0.627850
180 143 0.484050
183 175 0.489408
186 204 0.514460
190 217 0.479167
192 225 0.349265
194 226 0.454731
199 244 0.263480
200 245 0.322729
202 246 0.503865
203 241 0.688227
204 240 0.566743
208 227 0.774111
210 258 0.291959
215 248 0.680710
221 262 0.560873
222 268 0.721429
224 277 0.577944
225 18 0.795093
232 157 0.726248
235 285 0.743814
237 301 0.307709
241 289 0.764293
246 292 0.458565
252 306 0.313437
253 296 0.321734
257 312 0.739823
262 315 0.355575
263 313 0.715103
264 316 0.730282
267 307 0.624960
268 341 0.299986
270 339 0.288767
272 318 0.287431
274 347 0.757800
275 351 0.448677
276 332 0.752067
277 328 0.410563
278 168 0.540703
280 364 0.760897
281 305 0.666850
282 344 0.649748
288 339 0.583744
295 346 0.448800
296 326 0.765368
298 324 0.778369
301 390 0.457024
302 281 0.742484
308 369 0.527549
309 439 0.663975
310 333 0.605288
312 405 0.319111
318 349 0.677138
319 398 0.580518
320 385 0.440980
321 391 0.403477
322 370 0.407906
325 373 0.644578
327 425 0.357811
329 409 0.406321
331 395 0.345412
332 392 0.405863
334 386 0.468663
335 246 0.759007
336 208 0.666964
340 419 0.563255
341 402 0.697387
343 421 0.475534
346 422 0.262874
355 439 0.451267
357 432 0.548213
359 414 0.595670
360 424 0.527257
363 436 0.657654
366 463 0.644177
367 385 0.666530
368 423 0.728466
369 445 0.770860
370 434 0.653888
373 454 0.472477
375 409 0.686387
379 437 0.647695
385 478 0.459092
386 471 0.698949
387 460 0.486407
388 447 0.696645
392 421 0.585045
396 494 0.474422
401 489 0.274669
405 501 0.438101
406 495 0.652365
407 486 0.508894
410 497 0.687608
411 488 0.503300
412 498 0.535803
413 492 0.782719
416 504 0.639326
417 508 0.225535
420 315 0.752823
424 496 0.649431
425 509 0.643960
432 531 0.660040
441 546 0.338950
442 541 0.709421
446 546 0.458869
