215
0 0 0.404698
1 1 0.250525
2 456 0.770705
4 2 0.511410
6 13 0.675245
7 16 0.445348
8 3 0.668243
9 16 0.749923
10 16 0.797833
12 7 0.515056
13 10 0.515535
15 730 0.763137
19 14 0.623744
20 16 0.655989
21 17 0.409392
23 465 0.601454
24 26 0.359614
26 19 0.538780
29 29 0.513798
31 32 0.414285
32 33 0.322250
36 336 0.638961
47 282 0.582734
52 40 0.522096
53 38 0.680633
57 45 0.702042
58 44 0.762961
59 46 0.779259
70 56 0.165939
72 62 0.718461
74 57 0.698695
75 59 0.585324
78 295 0.792846
80 72 0.527626
83 68 0.415322
84 115 0.723056
85 96 0.603573
86 84 0.596553
88 98 0.670554
89 91 0.313040
90 92 0.470884
92 85 0.431010
95 126 0.781742
96 105 0.482674
100 93 0.641668
102 119 0.485275
108 130 0.451223
110 121 0.715188
111 116 0.599146
115 141 0.532484
119 89 0.706278
120 148 0.652086
127 135 0.594965
128 155 0.535323
129 458 0.747363
130 654 0.750831
131 158 0.259982
136 177 0.783661
140 171 0.347194
143 405 0.747596
145 200 0.719502
147 179 0.472912
149 193 0.580267
151 211 0.476130
152 173 0.338888
154 242 0.782335
156 219 0.202874
158 195 0.512700
159 181 0.755848
160 212 0.732957
163 196 0.661174
164 582 0.700778
166 255 0.580111
168 222 0.290215
169 223 0.379944
174 251 0.284814
175 230 0.559863
178 224 0.492113
184 282 0.302643
186 270 0.687721
194 283 0.796500
195 749 0.762361
198 257 0.697147
203 312 0.575067
204 305 0.621305
205 246 0.740841
210 284 0.557695
218 263 0.555453
222 274 0.757669
225 349 0.498125
227 306 0.561829
228 295 0.592730
233 293 0.729550
236 307 0.316292
240 359 0.595415
243 296 0.556463
245 378 0.493142
247 338 0.782957
248 333 0.432390
249 323 0.421925
250 324 0.269665
257 444 0.757261
259 351 0.797284
262 356 0.520199
265 357 0.542539
266 352 0.217161
268 373 0.244273
270 374 0.527210
275 370 0.452299
277 384 0.405670
278 385 0.413290
279 386 0.503521
280 375 0.415934
284 379 0.655767
285 394 0.404288
288 395 0.257428
290 383 0.521329
293 402 0.423298
299 658 0.569999
301 230 0.783094
302 280 0.765681
307 446 0.572406
309 432 0.659445
311 433 0.496418
312 474 0.796587
317 487 0.634611
319 436 0.571887
321 583 0.643207
322 441 0.765898
323 407 0.794669
326 453 0.527401
327 428 0.645535
334 430 0.602353
342 450 0.649025
343 443 0.349824
344 514 0.598525
345 451 0.607501
347 456 0.495017
348 522 0.708750
352 34 0.744024
353 452 0.636233
355 460 0.309469
358 470 0.723633
359 683 0.710204
361 466 0.785895
362 467 0.400182
363 458 0.296778
368 498 0.527279
369 34 0.662391
370 529 0.367251
371 526 0.616400
372 583 0.786203
375 489 0.693605
377 499 0.439472
379 490 0.478911
380 480 0.599476
382 353 0.723137
385 550 0.799905
387 502 0.444776
388 495 0.695948
394 593 0.596944
397 512 0.480627
404 348 0.774626
411 571 0.632475
414 546 0.308539
415 508 0.394067
416 551 0.438592
419 585 0.622733
422 581 0.316682
423 555 0.558191
424 572 0.375219
428 593 0.799276
429 530 0.503742
430 171 0.717555
434 586 0.485191
439 540 0.673459
442 603 0.487366
445 610 0.640510
446 593 0.514711
452 548 0.630525
455 594 0.491880
456 511 0.793832
459 615 0.654770
460 604 0.794447
462 557 0.690338
464 558 0.443725
466 541 0.792417
470 649 0.660562
475 577 0.661871
478 658 0.513924
479 579 0.377935
481 638 0.709486
485 584 0.765324
486 668 0.424880
487 677 0.299948
488 664 0.537653
489 683 0.414760
490 666 0.661255
495 609 0.714957
504 54 0.780212
505 741 0.602652
507 126 0.788660
509 733 0.757935
512 740 0.751712
513 698 0.510083
515 708 0.639325
521 735 0.304257
522 536 0.717544
525 761 0.758402
531 762 0.793560
532 116 0.761631
538 771 0.781642
541 770 0.630843
542 769 0.762120
543 773 0.701111
