355
3 11 0.735815
6 7 0.745770
16 23 0.483824
24 20 0.693887
31 28 0.304117
32 29 0.304763
34 30 0.543543
40 186 0.786813
48 49 0.570686
54 51 0.181491
62 787 0.711622
64 58 0.363055
67 88 0.487245
68 126 0.710633
86 77 0.620691
89 78 0.303108
91 85 0.528760
94 87 0.351918
97 89 0.352333
98 91 0.476259
101 94 0.775440
105 95 0.393082
131 108 0.310354
148 113 0.186116
149 114 0.390570
150 115 0.275272
151 123 0.319593
154 789 0.785725
155 790 0.572719
156 125 0.462352
165 134 0.566001
169 202 0.791560
189 152 0.738417
197 160 0.618705
206 257 0.685637
211 165 0.595045
213 170 0.724151
224 174 0.369416
231 176 0.148907
234 177 0.281915
238 185 0.726209
241 303 0.796817
244 302 0.789613
247 190 0.439841
249 1367 0.755492
250 192 0.402708
290 227 0.587697
337 253 0.319484
351 266 0.651490
357 2644 0.784598
377 272 0.442031
380 764 0.708391
384 467 0.447252
385 276 0.392210
386 277 0.226748
389 278 0.185208
390 279 0.144680
393 280 0.258344
394 281 0.152913
395 282 0.163587
396 283 0.129725
397 284 0.306627
398 285 0.214337
399 286 0.164626
424 462 0.777782
425 310 0.607063
426 310 0.699654
428 88 0.735579
446 326 0.530846
533 415 0.499298
539 418 0.322820
540 419 0.404981
544 426 0.574382
546 429 0.725635
568 683 0.614266
571 437 0.611030
572 438 0.568611
581 451 0.746168
603 453 0.446256
604 454 0.266177
608 455 0.304607
609 456 0.458721
611 458 0.265564
613 460 0.322715
616 725 0.470243
617 457 0.184097
618 275 0.292460
621 461 0.316334
623 462 0.407345
629 463 0.367116
633 469 0.360701
636 468 0.172246
638 466 0.401840
640 736 0.594362
641 473 0.114635
643 474 0.131683
647 477 0.417478
649 478 0.168752
653 479 0.493093
654 480 0.361025
662 496 0.247813
671 501 0.248042
679 508 0.782901
685 779 0.776209
693 124 0.797636
697 524 0.341848
718 544 0.796781
720 546 0.772383
730 548 0.621052
746 898 0.782276
888 2471 0.772355
891 431 0.564302
898 1122 0.392336
940 721 0.662484
945 701 0.263603
948 702 0.162519
949 704 0.208597
954 707 0.222720
955 706 0.128769
958 1183 0.781146
959 710 0.263837
961 1184 0.540658
964 712 0.339407
966 715 0.159934
967 713 0.148064
968 716 0.172532
971 717 0.342154
972 718 0.269943
973 719 0.196811
976 721 0.238522
977 722 0.203783
983 726 0.231588
987 723 0.407718
989 724 0.220921
999 734 0.118248
1007 736 0.212449
1014 1217 0.466206
1017 738 0.381444
1026 1224 0.589777
1027 1225 0.531417
1029 739 0.188636
1032 1239 0.451840
1043 745 0.378391
1044 746 0.380231
1046 747 0.636027
1049 1292 0.605885
1050 757 0.391397
1051 758 0.296120
1061 763 0.614930
1064 1318 0.748525
1065 1319 0.577599
1066 765 0.475383
1067 766 0.383142
1069 502 0.659979
1073 1333 0.746888
1082 2077 0.739136
1086 512 0.663396
1093 781 0.764384
1104 1370 0.717987
1105 793 0.396216
1107 795 0.663843
1108 799 0.629873
1111 804 0.670474
1114 813 0.571766
1125 837 0.704101
1152 2732 0.783728
1453 1127 0.660431
1458 1139 0.648087
1480 1144 0.642242
1481 1145 0.604380
1497 1156 0.239691
1502 1159 0.387085
1520 1876 0.593206
1521 1877 0.618160
1560 1173 0.176023
1561 1891 0.654710
1567 1176 0.309589
1569 1177 0.240988
1570 1178 0.216713
1571 1179 0.376748
1572 1898 0.668178
1573 705 0.329605
1575 1180 0.177488
1579 1181 0.279492
1581 1185 0.208005
1584 1898 0.707666
1588 1191 0.158510
1592 1195 0.159663
1593 1193 0.304325
1594 1194 0.193304
1595 1188 0.534833
1596 1189 0.141770
1597 1190 0.229736
1607 729 0.365450
1611 1202 0.142661
1612 1206 0.513742
1613 1207 0.256541
1618 1200 0.201495
1619 1203 0.420696
1624 1204 0.313915
1628 731 0.608389
1629 732 0.471263
1634 1209 0.298971
1639 1219 0.518246
1649 735 0.492291
1651 1213 0.239530
1652 1227 0.280144
1653 1228 0.224491
1655 1221 0.270399
1656 1222 0.315790
1657 1218 0.249070
1660 1233 0.302485
1663 1231 0.319775
1664 1232 0.413380
1665 1235 0.218697
1667 1238 0.137251
1671 1236 0.394363
1680 1250 0.360036
1681 1251 0.412513
1685 1248 0.377593
1696 2481 0.796237
1699 1267 0.313998
1700 1268 0.306689
1701 1277 0.389198
1703 1280 0.508069
1705 1285 0.306884
1706 1288 0.377180
1707 1289 0.275760
1711 1291 0.335255
1719 1297 0.304643
1720 1301 0.271167
1723 1304 0.503675
1728 1312 0.488089
1733 1322 0.284277
1734 1320 0.275153
1735 1321 0.322680
1736 2071 0.690748
1738 1323 0.465313
1741 1329 0.310299
1742 1330 0.216030
1743 1328 0.761147
1749 1339 0.506485
1762 1344 0.673901
1773 1349 0.602173
1774 1350 0.717298
1779 1353 0.724971
1786 1363 0.754267
1793 1367 0.323458
1797 1372 0.430832
1800 2748 0.483358
1813 2146 0.790650
1820 816 0.799760
2235 1755 0.630845
2316 1797 0.667688
2327 1804 0.691413
2332 1107 0.583979
2346 1825 0.733010
2349 1816 0.710957
2352 2729 0.731475
2378 1836 0.622223
2382 1841 0.318216
2385 1146 0.718968
2390 1134 0.740742
2396 1853 0.718581
2397 1856 0.730324
2426 2745 0.509446
2435 1851 0.335852
2453 697 0.744837
2457 2787 0.621301
2469 1873 0.476514
2470 1874 0.341049
2526 1890 0.425633
2527 1892 0.283635
2528 1174 0.719556
2533 1896 0.275440
2537 1902 0.330854
2538 1900 0.499102
2539 1899 0.456919
2564 1192 0.576283
2567 1907 0.293528
2570 1908 0.259362
2574 1912 0.426565
2576 1913 0.477542
2584 1911 0.220117
2585 1910 0.454387
2587 1914 0.336974
2593 1917 0.196447
2605 1923 0.213254
2607 1924 0.152060
2612 705 0.798377
2613 1198 0.575338
2614 1199 0.719768
2615 1919 0.312933
2616 1920 0.352570
2620 1940 0.787599
2624 1930 0.235354
2632 1931 0.248521
2636 1922 0.487625
2638 1933 0.309495
2640 1939 0.185427
2648 1944 0.463020
2650 1945 0.445248
2653 1943 0.264302
2661 1953 0.415139
2665 1960 0.286788
2666 1229 0.389561
2675 1950 0.322718
2676 1951 0.334646
2695 1966 0.390776
2696 1965 0.711146
2701 1961 0.276128
2713 739 0.791816
2716 1984 0.581703
2717 1974 0.380463
2718 1975 0.309302
2723 1978 0.420702
2724 1979 0.421576
2735 1996 0.746154
2740 2003 0.465833
2744 2016 0.674038
2748 2018 0.372140
2752 2022 0.333654
2753 2019 0.443211
2775 1302 0.797560
2781 1309 0.486429
2791 2048 0.581994
2796 2056 0.405193
2799 1313 0.414822
2800 1314 0.360156
2810 2064 0.306762
2811 2065 0.414561
2819 2066 0.564532
2829 2074 0.630433
2832 2075 0.543861
2836 2077 0.571315
2840 1337 0.651811
2868 1349 0.565705
2869 1350 0.608684
2874 2107 0.523996
2884 779 0.793912
2902 2125 0.750919
2913 2141 0.587590
2923 2684 0.667329
2931 2191 0.583004
2976 2250 0.791508
3000 2259 0.743339
3091 2319 0.794520
3170 2442 0.775767
3420 2588 0.619018
3599 2698 0.787476
3630 1810 0.545470
3679 2730 0.633623
3699 358 0.764171
3758 2758 0.624273
3789 2772 0.721385
