741
8 9 0.544462
9 10 0.671185
18 17 0.119790
22 24 0.433786
25 25 0.587342
27 27 0.390794
28 30 0.549184
29 32 0.426388
33 38 0.379095
34 39 0.212344
35 65 0.760708
38 45 0.488764
39 46 0.590695
46 51 0.476561
47 54 0.696791
48 55 0.609009
49 31 0.239474
50 33 0.290142
51 34 0.358746
52 59 0.280327
55 64 0.266740
62 66 0.791105
65 3423 0.785177
66 75 0.787769
67 76 0.798000
80 90 0.371645
83 92 0.665736
85 53 0.631598
87 137 0.514117
88 98 0.278512
89 97 0.424346
91 99 0.334355
92 101 0.237900
94 106 0.463936
98 110 0.441578
101 70 0.640262
102 111 0.417029
103 112 0.372112
104 113 0.343511
110 120 0.345484
113 126 0.207504
116 127 0.635430
122 133 0.702884
124 226 0.669658
125 141 0.269035
126 234 0.506338
129 231 0.790706
132 149 0.243481
137 151 0.326337
143 160 0.274669
145 161 0.479776
146 442 0.781332
161 305 0.778818
162 171 0.636223
175 185 0.356698
178 187 0.296906
189 132 0.667362
203 210 0.470210
204 135 0.579641
215 223 0.558371
216 413 0.457847
217 227 0.247899
218 234 0.288355
219 230 0.157539
224 236 0.228737
225 237 0.649926
228 239 0.413747
231 238 0.201239
236 246 0.160099
237 247 0.270107
241 248 0.188382
242 252 0.355788
243 253 0.341813
244 454 0.697818
245 260 0.506474
246 263 0.374007
249 157 0.533907
251 270 0.344641
252 271 0.287211
253 274 0.346277
254 275 0.176964
257 277 0.342315
259 280 0.126058
264 282 0.133839
267 284 0.481533
273 297 0.301551
281 304 0.328404
286 307 0.198728
290 312 0.485472
293 315 0.299564
304 338 0.293283
318 359 0.247914
319 357 0.742265
320 362 0.507390
327 560 0.709759
330 2568 0.794908
332 374 0.594652
336 390 0.441548
337 382 0.631885
339 383 0.499059
340 384 0.404938
348 396 0.407591
349 401 0.306418
350 395 0.454520
358 633 0.345692
360 225 0.375108
362 414 0.256547
363 415 0.165071
364 419 0.172111
365 648 0.589093
366 416 0.383635
367 417 0.408845
375 231 0.493501
376 2654 0.680505
380 422 0.376800
381 423 0.170617
382 425 0.205189
396 437 0.130978
397 438 0.123647
405 697 0.373812
407 705 0.660258
414 734 0.484613
415 458 0.277884
416 459 0.406648
417 460 0.220449
419 737 0.452903
421 465 0.536307
423 468 0.057061
431 472 0.306263
432 473 0.444047
433 474 0.442636
434 475 0.443972
441 476 0.229561
442 477 0.432997
446 283 0.608340
450 285 0.760682
452 482 0.664577
453 287 0.470834
454 288 0.279701
459 485 0.109602
463 789 0.541162
465 495 0.299535
467 497 0.227538
468 498 0.302265
471 308 0.381877
472 309 0.428607
476 317 0.672154
506 523 0.504472
520 533 0.122945
521 534 0.260551
530 356 0.703169
544 367 0.713327
546 559 0.204612
549 571 0.303564
572 974 0.706800
579 612 0.329949
581 610 0.507466
582 403 0.747796
592 631 0.320632
593 632 0.614458
594 634 0.393797
595 1045 0.494492
596 635 0.312969
597 639 0.229461
598 644 0.347682
604 651 0.506134
606 656 0.347285
609 1095 0.356718
611 660 0.276406
613 657 0.324497
614 658 0.473272
615 668 0.201032
624 672 0.551727
625 675 0.167956
626 673 0.288706
629 677 0.153326
630 678 0.263899
641 686 0.705169
644 689 0.455151
645 690 0.269756
651 1181 0.602128
653 706 0.397187
655 709 0.517420
656 1198 0.418186
658 712 0.311756
660 716 0.706894
667 724 0.280179
668 1226 0.429676
671 263 0.798091
673 745 0.326759
679 464 0.421257
681 748 0.108037
686 755 0.143215
687 757 0.523496
688 758 0.646273
689 759 0.125304
692 760 0.102395
699 762 0.377498
702 478 0.293423
708 767 0.240002
713 1275 0.323271
714 769 0.536121
717 774 0.248637
718 776 0.767701
719 775 0.452919
721 778 0.643900
724 779 0.710892
732 780 0.552405
740 785 0.250051
744 791 0.189694
745 792 0.183912
751 795 0.266870
758 802 0.261482
760 801 0.376969
770 506 0.712875
772 806 0.305082
773 807 0.311045
774 809 0.266450
775 810 0.346518
776 1338 0.621956
780 813 0.679390
783 818 0.535069
796 829 0.687783
799 2637 0.747789
810 849 0.621821
827 530 0.621043
829 875 0.248500
830 1004 0.778218
849 895 0.420736
850 893 0.552395
853 903 0.515272
860 906 0.328418
874 935 0.694170
886 970 0.527222
892 960 0.569887
899 983 0.594620
900 984 0.459777
907 975 0.526857
908 976 0.438335
910 994 0.360466
911 988 0.400723
912 989 0.543616
919 993 0.435960
924 1011 0.635876
926 1019 0.476065
928 1022 0.542700
930 616 0.468744
935 617 0.733705
937 1024 0.470475
939 1036 0.323086
940 631 0.799651
943 1039 0.221303
944 1037 0.476948
945 1045 0.279204
946 1047 0.076749
947 1043 0.223097
948 1044 0.336872
949 1048 0.204330
950 1046 0.194802
951 636 0.647869
953 1049 0.356597
954 1050 0.243280
955 1053 0.197966
957 1060 0.107241
960 1078 0.257879
963 1760 0.498019
965 1074 0.516228
966 1075 0.528019
968 1076 0.237168
969 1080 0.125141
970 1077 0.244104
973 1095 0.203678
974 1766 0.768877
977 1085 0.290518
978 1086 0.142784
979 1082 0.358559
980 1083 0.524970
985 1094 0.236569
986 1770 0.766901
987 1096 0.323189
991 1795 0.752945
999 1107 0.329348
1005 1118 0.183732
1008 1119 0.288639
1012 1122 0.236074
1013 1837 0.507239
1016 1129 0.484600
1021 1141 0.354936
1023 1138 0.254667
1024 1139 0.254685
1029 1862 0.560856
1038 1155 0.313089
1039 1156 0.268603
1046 1158 0.285236
1047 1159 0.340256
1051 1161 0.469222
1055 690 0.513073
1061 1886 0.597846
1062 1887 0.528313
1071 1175 0.223054
1072 1176 0.298236
1073 1178 0.245119
1078 1179 0.324732
1086 1195 0.201091
1087 1198 0.576928
1088 36 0.775121
1090 1203 0.438325
1091 1204 0.481822
1093 1205 0.519328
1094 1206 0.324094
1095 1210 0.671928
1096 1207 0.338532
1098 1216 0.501378
1099 1215 0.585518
1103 1231 0.743521
1105 1985 0.452180
1107 1238 0.327010
1108 1237 0.486508
1110 1032 0.722833
1111 1245 0.147241
1118 1252 0.226210
1130 1259 0.235386
1139 1260 0.700634
1140 1264 0.150521
1141 1265 0.095451
1144 1267 0.218080
1146 1266 0.424027
1151 1274 0.126113
1152 1275 0.130366
1160 1281 0.529911
1163 1285 0.313242
1165 1289 0.268567
1166 1290 0.433927
1170 1287 0.490589
1174 2066 0.550410
1178 1291 0.357417
1183 1294 0.319830
1185 1298 0.242182
1194 2110 0.480448
1200 787 0.798290
1202 1309 0.166423
1209 1315 0.316955
1210 1316 0.312475
1211 1232 0.794052
1213 1317 0.209351
1219 1322 0.210047
1221 1318 0.572275
1222 1319 0.730143
1223 1323 0.203985
1228 2149 0.396134
1229 1335 0.229571
1241 1336 0.529056
1243 2166 0.744747
1247 1347 0.383822
1248 1348 0.306359
1252 1342 0.480674
1253 1344 0.725452
1254 1352 0.375078
1258 1354 0.560640
1259 1355 0.508236
1261 1358 0.582667
1263 1366 0.479917
1273 2218 0.750214
1276 1384 0.700440
1286 1392 0.792965
1296 1425 0.736386
1315 2287 0.663318
1316 1450 0.616429
1325 1470 0.383131
1326 875 0.371635
1333 2293 0.794336
1336 882 0.765876
1338 1486 0.393735
1347 1495 0.451888
1351 1507 0.683408
1393 1567 0.545810
1396 1573 0.323248
1398 1572 0.532158
1413 2492 0.656487
1421 2467 0.533568
1422 1607 0.683948
1425 1575 0.794132
1433 1590 0.642619
1437 983 0.479820
1438 984 0.749441
1444 1602 0.645502
1445 1603 0.577665
1447 1636 0.637958
1460 1647 0.644491
1461 994 0.369934
1464 1651 0.443897
1467 1628 0.730778
1468 1629 0.706297
1474 1665 0.344497
1476 1646 0.356408
1477 1019 0.395583
1484 2610 0.772631
1488 2567 0.686634
1489 2579 0.620417
1490 1664 0.751750
1495 1676 0.753161
1499 2665 0.344302
1501 894 0.773841
1502 2684 0.538291
1503 1709 0.298753
1504 1719 0.276929
1506 1724 0.380561
1507 2690 0.356388
1509 1726 0.391831
1510 1723 0.227369
1511 1717 0.279038
1512 2764 0.718155
1513 1725 0.711651
1514 1721 0.453143
1515 1722 0.325283
1516 1714 0.360600
1517 1715 0.313042
1518 1716 0.309973
1519 1732 0.516458
1522 1734 0.376818
1523 1735 0.268619
1524 1755 0.442557
1526 3479 0.778261
1528 1738 0.559582
1529 1757 0.426962
1533 1751 0.366262
1534 1752 0.291647
1535 1759 0.227672
1536 1753 0.314601
1537 1750 0.322192
1546 1761 0.262507
1557 1771 0.237588
1558 1766 0.470169
1572 1780 0.698334
1577 1781 0.333217
1578 1782 0.326025
1581 1789 0.441099
1584 1793 0.187196
1595 1104 0.309630
1596 1803 0.198090
1598 1108 0.475074
1600 1790 0.599660
1606 2208 0.700724
1607 1798 0.322597
1613 2871 0.611191
1616 1804 0.360365
1624 1820 0.328076
1626 1823 0.367382
1629 1827 0.292009
1630 1829 0.205046
1634 1810 0.406592
1635 1811 0.174415
1643 1831 0.275455
1644 1832 0.184358
1645 1844 0.500977
1646 1845 0.389537
1647 1849 0.241683
1650 1843 0.232318
1651 1838 0.417246
1653 1132 0.419312
1654 1853 0.238601
1655 1851 0.267434
1658 1858 0.299874
1661 1848 0.295923
1665 1856 0.411841
1671 1144 0.519103
1672 1145 0.503598
1685 1153 0.748134
1686 1154 0.631651
1695 1874 0.221330
1703 1884 0.476012
1704 1890 0.375429
1705 1894 0.358944
1706 1895 0.302072
1711 1897 0.416461
1712 1898 0.670528
1718 1169 0.616676
1726 3056 0.592677
1729 1929 0.526455
1730 1926 0.499111
1734 1931 0.129945
1737 1183 0.712248
1738 1937 0.755191
1745 1191 0.657150
1746 1192 0.667963
1748 1949 0.597437
1752 1951 0.491072
1753 1950 0.793994
1755 1953 0.534030
1756 1954 0.544987
1759 1203 0.759605
1766 3144 0.712954
1767 3145 0.515462
1775 724 0.767976
1779 1991 0.480864
1782 1995 0.731420
1783 1997 0.288747
1789 2011 0.151726
1795 2017 0.168027
1796 2018 0.168380
1797 2020 0.397784
1799 3221 0.606886
1801 2021 0.460442
1802 2022 0.227070
1803 2023 0.686205
1808 2031 0.621677
1809 2032 0.781371
1821 2036 0.242853
1825 2041 0.283049
1828 2042 0.422700
1838 2048 0.166792
1840 2046 0.711389
1843 600 0.770193
1853 2056 0.174883
1856 2057 0.265956
1864 2063 0.226514
1873 2061 0.457155
1874 2060 0.421122
1875 2066 0.308306
1876 2067 0.186665
1877 2072 0.309960
1878 2073 0.367084
1882 2075 0.471835
1884 2079 0.269383
1886 2083 0.383889
1887 2084 0.230468
1890 2085 0.657385
1892 1299 0.605326
1905 3338 0.671528
1908 2109 0.258726
1918 2116 0.538866
1919 2125 0.294839
1925 2129 0.283063
1928 2124 0.706690
1938 2140 0.281717
1941 2138 0.760110
1951 2152 0.280734
1953 3381 0.730894
1954 3382 0.786520
1966 2166 0.453566
1968 2170 0.245587
1969 2171 0.196585
1971 3406 0.669626
1985 2189 0.511029
2006 2671 0.780157
2033 1698 0.765765
2043 1420 0.680530
2055 2262 0.493509
2068 2512 0.767962
2072 2284 0.522396
2101 2306 0.793623
2121 2295 0.784262
2124 2324 0.710759
2130 3649 0.771960
2152 1518 0.688941
2165 2372 0.448479
2169 2394 0.351506
2224 2459 0.410078
2233 2447 0.686104
2234 2448 0.634758
2261 2524 0.638306
2268 2494 0.670285
2271 3929 0.737708
2272 2529 0.405930
2289 2528 0.742380
2295 3961 0.721647
2304 1003 0.652677
2308 2546 0.402850
2310 2573 0.793137
2313 2593 0.325285
2320 2577 0.646777
2322 2611 0.717230
2324 4009 0.537041
2331 2595 0.539168
2339 2599 0.484383
2340 2597 0.682916
2341 2605 0.598131
2342 2616 0.563178
2349 2761 0.715349
2351 2672 0.459406
2352 2673 0.454224
2359 2674 0.276130
2363 2682 0.523483
2364 2692 0.356834
2365 2699 0.423004
2368 2678 0.632565
2370 2700 0.361118
2373 2704 0.180902
2376 2697 0.785899
2380 1729 0.269452
2381 1730 0.289286
2382 2709 0.636076
2386 1731 0.554079
2387 2696 0.564277
2389 2712 0.301899
2390 2714 0.260896
2391 1733 0.533994
2397 2718 0.271255
2398 1737 0.476689
2400 1741 0.474406
2401 1744 0.347897
2402 2728 0.546454
2407 2744 0.447493
2409 2748 0.263277
2411 1754 0.745993
2419 2754 0.368932
2426 1760 0.672339
2428 2776 0.388513
2429 2777 0.601830
2430 2773 0.322838
2433 2761 0.558151
2434 2784 0.228065
2436 2796 0.468208
2441 2793 0.198942
2446 2797 0.711829
2447 1762 0.461611
2448 1763 0.667828
2462 1767 0.702805
2467 2818 0.236569
2475 2820 0.448036
2477 2696 0.577177
2480 267 0.761809
2483 2801 0.627669
2484 2802 0.554413
2487 2815 0.570671
2492 2847 0.683721
2494 2833 0.583552
2495 574 0.780872
2498 2832 0.672412
2524 2859 0.748180
2525 2860 0.699859
2526 2862 0.355999
2528 1806 0.634505
2530 2856 0.305866
2538 2863 0.407982
2556 2883 0.299567
2571 2906 0.478824
2575 2928 0.268256
2576 2929 0.482893
2588 2937 0.612645
2593 2930 0.604515
2614 2952 0.478284
2618 2942 0.585342
2623 2960 0.532602
2624 2961 0.450009
2627 2969 0.490555
2628 2970 0.396571
2629 2971 0.410035
2630 2957 0.659168
2634 2958 0.425110
2635 2959 0.275498
2643 2966 0.473479
2651 2976 0.408243
2652 2991 0.304218
2685 3015 0.430364
2686 3016 0.349110
2692 3025 0.380392
2693 3026 0.338069
2698 3037 0.694733
2722 3075 0.273326
2733 3079 0.473404
2737 3087 0.277707
2740 3094 0.223146
2745 3095 0.281088
2749 3098 0.349087
2752 3103 0.364598
2757 3109 0.680226
2758 3112 0.511189
2765 3129 0.721125
2766 3124 0.598835
2767 3125 0.578636
2776 3147 0.606778
2787 3164 0.748714
2789 3162 0.386968
2790 3158 0.585531
2799 3177 0.663788
2801 1044 0.781076
2810 3191 0.215111
2812 3189 0.759846
2813 2001 0.314022
2814 3192 0.239976
2815 3193 0.466697
2817 2006 0.346355
2818 2007 0.363758
2823 3204 0.188414
2826 3214 0.745142
2831 3219 0.487503
2840 3225 0.245400
2861 2035 0.360044
2880 3249 0.584037
2886 3253 0.260755
2889 3265 0.359398
2894 3264 0.544934
2895 3267 0.397399
2911 2054 0.617236
2913 3278 0.504347
2914 3279 0.649377
2922 2059 0.628812
2926 3287 0.726056
2927 3291 0.265181
2929 3298 0.170546
2938 3305 0.384899
2952 3326 0.725486
2953 3327 0.741570
2978 3352 0.495636
2994 2141 0.393522
2995 2142 0.467502
3003 3370 0.345414
3017 3380 0.754755
3047 3412 0.476995
3061 3414 0.702950
3094 3468 0.728867
3103 3485 0.668508
3110 3479 0.665100
3200 3593 0.700078
3202 227 0.780111
3237 2299 0.398487
3248 3648 0.438192
3303 3709 0.725241
3317 3711 0.786800
3397 2443 0.601500
3419 3828 0.726777
3431 3847 0.568233
3442 3826 0.732396
3448 3841 0.544123
3449 3898 0.500362
3474 248 0.791118
3482 3924 0.745864
3488 3928 0.791640
3496 3886 0.550806
3506 3916 0.468205
3507 3917 0.454565
3517 3949 0.726397
3527 2548 0.765937
3538 3948 0.696317
3563 2574 0.595442
3583 2587 0.656990
3585 4033 0.478256
3588 4022 0.514266
3593 2619 0.419347
3618 221 0.720004
