506
2 5 0.500542
4 5 0.529920
11 15 0.528325
12 33 0.721829
17 21 0.564901
20 27 0.515021
21 29 0.313477
22 28 0.377552
23 43 0.431683
35 40 0.441490
45 35 0.480169
49 46 0.704456
55 93 0.471489
56 42 0.651107
58 69 0.260732
62 73 0.607112
78 47 0.735365
84 376 0.795471
86 146 0.475297
87 147 0.595040
89 52 0.278772
91 59 0.417886
93 92 0.523694
96 103 0.153808
97 106 0.180020
99 107 0.690421
101 108 0.797135
103 168 0.567665
104 109 0.305113
106 111 0.685701
112 474 0.767777
133 132 0.501372
145 142 0.754151
149 141 0.714487
150 143 0.616748
153 225 0.517634
155 232 0.682315
156 233 0.508990
168 95 0.794287
169 253 0.592023
176 176 0.572973
197 1666 0.788313
205 129 0.504495
206 130 0.591363
214 204 0.620309
227 217 0.234229
228 216 0.329484
230 380 0.793281
231 219 0.235621
232 220 0.188788
233 221 0.211919
234 220 0.747422
236 225 0.278756
237 228 0.209904
251 236 0.466285
252 237 0.419113
257 240 0.771304
259 245 0.334672
262 424 0.737706
266 252 0.431184
267 434 0.619288
268 435 0.645060
269 253 0.359041
271 255 0.664354
272 256 0.241543
273 257 0.152700
274 439 0.493301
294 283 0.730486
351 328 0.772181
368 348 0.787687
374 353 0.214060
376 347 0.769746
378 356 0.590477
379 357 0.644979
389 358 0.794364
390 359 0.706235
401 373 0.610940
402 957 0.671840
403 374 0.165795
404 588 0.527667
405 375 0.795171
406 600 0.261146
412 376 0.223935
413 378 0.202213
414 379 0.275179
420 381 0.333983
425 383 0.453630
432 387 0.395800
433 388 0.297247
434 235 0.742312
436 400 0.357988
439 401 0.308860
442 661 0.597392
446 412 0.656057
448 413 0.628150
449 416 0.433212
451 239 0.680301
453 421 0.640743
460 427 0.227095
461 249 0.743399
462 428 0.218068
468 713 0.795824
471 716 0.726137
472 442 0.533238
528 799 0.753141
596 548 0.645427
599 342 0.610713
601 346 0.649077
606 557 0.362199
607 558 0.513734
642 372 0.347601
648 586 0.295347
649 587 0.309970
650 589 0.307507
651 594 0.221238
652 592 0.537953
653 593 0.309606
654 590 0.248907
655 591 0.228603
656 597 0.211642
657 598 0.280963
666 607 0.315531
668 606 0.527980
669 614 0.392976
672 627 0.278080
673 628 0.431643
674 630 0.180527
675 619 0.374337
676 620 0.231558
677 625 0.541566
678 634 0.388617
683 1001 0.482432
684 1002 0.459241
686 637 0.291420
694 642 0.232832
696 644 0.295182
698 651 0.271803
699 652 0.337696
700 648 0.241179
702 655 0.204317
710 664 0.517340
712 1056 0.747478
713 665 0.631936
727 677 0.359613
728 1081 0.629255
730 682 0.754001
748 1101 0.680037
752 695 0.342537
753 696 0.348949
758 698 0.329264
760 700 0.325555
774 1126 0.594162
778 711 0.415034
779 712 0.434392
820 756 0.728526
844 778 0.716290
979 900 0.294043
981 339 0.701810
983 906 0.433259
987 569 0.560953
988 915 0.588868
989 1479 0.550896
1016 923 0.682876
1048 931 0.210989
1049 933 0.223728
1050 934 0.257287
1052 935 0.376820
1053 936 0.166762
1054 595 0.606940
1055 939 0.245513
1056 938 0.244647
1057 940 0.227101
1058 941 0.448669
1075 947 0.275604
1076 946 0.426899
1083 952 0.515431
1086 963 0.342679
1095 982 0.473778
1096 975 0.611366
1097 974 0.365697
1101 1604 0.742879
1102 980 0.296302
1108 984 0.271671
1115 990 0.195968
1119 991 0.285957
1123 3646 0.763821
1129 1625 0.410595
1130 1626 0.514869
1132 1003 0.258674
1135 1008 0.361014
1136 1635 0.549873
1137 639 0.496877
1141 1004 0.294607
1144 1015 0.340356
1145 1016 0.339053
1148 1011 0.339669
1150 1018 0.117145
1151 1019 0.177097
1153 1021 0.255448
1154 1022 0.281175
1158 1023 0.282169
1160 1025 0.404921
1164 645 0.360627
1165 1669 0.610484
1166 1670 0.436335
1168 1036 0.279443
1171 1039 0.277689
1173 1040 0.277357
1179 1041 0.360878
1193 1052 0.274404
1202 1053 0.467551
1209 668 0.668934
1228 673 0.702809
1229 1756 0.590892
1238 1083 0.722950
1249 1782 0.552372
1255 1800 0.703206
1256 694 0.570215
1263 1112 0.611590
1269 1824 0.747497
1272 1824 0.756707
1275 706 0.735619
1276 1126 0.425939
1277 1127 0.459703
1278 1132 0.604461
1280 1140 0.312648
1281 1139 0.183134
1283 1149 0.469855
1285 1148 0.224656
1289 1150 0.407967
1291 1870 0.569340
1298 1158 0.361750
1299 1156 0.445183
1315 2972 0.787731
1316 1177 0.740954
1335 1778 0.775860
1437 2098 0.661048
1461 1307 0.714581
1479 1321 0.719535
1518 3051 0.783490
1641 880 0.768238
1642 1468 0.615919
1644 2342 0.782404
1649 1459 0.483531
1653 339 0.697410
1667 1476 0.596763
1680 1504 0.525246
1688 1514 0.303332
1704 928 0.720527
1718 1535 0.673197
1751 1540 0.439981
1752 1544 0.422315
1753 1545 0.264473
1758 2506 0.566319
1759 1550 0.198968
1760 1571 0.792768
1761 1551 0.225207
1762 1553 0.291541
1763 1555 0.409587
1764 1552 0.354986
1765 1548 0.328101
1766 1549 0.377614
1767 1556 0.422701
1768 1554 0.210706
1769 2522 0.605384
1789 944 0.427459
1796 1568 0.210917
1797 1574 0.359493
1800 1578 0.205172
1801 1566 0.400475
1804 1580 0.302048
1815 1582 0.352745
1817 1587 0.226464
1818 1585 0.234624
1820 1591 0.265160
1826 1599 0.188054
1827 1598 0.409845
1828 1603 0.556427
1830 1600 0.180651
1831 2583 0.569985
1841 1606 0.336176
1843 1614 0.329322
1844 1615 0.143185
1856 1630 0.204584
1858 1617 0.527028
1859 2148 0.730074
1867 1623 0.307213
1879 1633 0.352833
1881 1640 0.586159
1882 1631 0.348257
1883 1632 0.283714
1888 1009 0.366332
1889 1643 0.222780
1896 1650 0.268865
1897 1648 0.653455
1899 1659 0.601989
1901 1013 0.396293
1904 1658 0.447652
1912 1668 0.183315
1916 2697 0.708143
1917 1666 0.197774
1918 1672 0.256332
1922 1673 0.196872
1926 1037 0.469379
1927 1038 0.428855
1931 1682 0.244669
1932 1683 0.317606
1933 1676 0.357715
1934 2725 0.663614
1935 1678 0.376883
1945 1689 0.713512
1947 1687 0.325254
1952 1692 0.412318
1953 1693 0.567353
1954 1694 0.366910
1976 2755 0.597087
1978 1702 0.720956
1984 1709 0.307920
1988 1710 0.327045
1994 1715 0.273065
1995 1712 0.362824
1996 1714 0.272374
1998 1721 0.326241
1999 1722 0.333982
2002 1725 0.312940
2006 1726 0.419930
2009 1729 0.222798
2020 2808 0.773525
2054 1755 0.438468
2067 1777 0.458679
2072 89 0.794515
2078 2890 0.699175
2079 2890 0.726988
2084 964 0.771843
2089 1799 0.294914
2092 1800 0.247761
2094 1801 0.438064
2095 1108 0.735063
2096 1802 0.275865
2099 2911 0.475732
2101 1809 0.374214
2113 1829 0.376167
2114 1836 0.462450
2115 1847 0.347821
2116 1852 0.342876
2119 1861 0.409487
2121 1864 0.332889
2122 1866 0.256317
2124 1868 0.540074
2125 1869 0.406474
2127 1872 0.374908
2133 1161 0.797463
2135 1892 0.522372
2151 1922 0.562596
2152 1912 0.693347
2158 1188 0.614645
2176 3046 0.795946
2218 3140 0.761714
2240 3152 0.755923
2306 2082 0.680163
2346 2106 0.666959
2463 2205 0.783758
2591 2319 0.655119
2598 3581 0.703247
2607 2337 0.453201
2611 3597 0.667335
2618 1438 0.496995
2625 2347 0.772616
2626 2348 0.656189
2640 1447 0.556554
2641 1448 0.698588
2643 2323 0.555878
2644 2324 0.468070
2660 1465 0.616063
2664 1472 0.429429
2674 1623 0.739937
2678 2414 0.367283
2681 2399 0.254778
2697 3760 0.680362
2707 2438 0.440918
2711 2443 0.424869
2717 2455 0.749987
2718 2456 0.527067
2744 2481 0.220797
2764 2484 0.656612
2793 611 0.786688
2806 1539 0.507784
2813 2498 0.430828
2821 2501 0.299820
2822 1542 0.462792
2823 2505 0.614149
2824 1543 0.426488
2827 2508 0.376313
2828 2513 0.766173
2829 2511 0.331598
2830 2514 0.668680
2832 2512 0.152558
2833 2509 0.199024
2840 2513 0.458094
2841 2510 0.411911
2842 2516 0.499443
2878 2532 0.367968
2879 1564 0.629822
2881 2534 0.391034
2887 2536 0.338888
2890 2547 0.201580
2891 2549 0.625056
2899 2544 0.181314
2900 2545 0.257183
2901 2541 0.563758
2902 2555 0.394461
2903 2556 0.607532
2917 2561 0.363463
2927 2554 0.302860
2935 2569 0.447090
2943 2560 0.371016
2945 2573 0.173095
2950 2575 0.287071
2952 2562 0.370184
2954 2572 0.354571
2970 2606 0.685435
2971 2598 0.396059
2978 2603 0.305061
2979 2604 0.241720
2988 2599 0.435860
2995 2608 0.337086
2997 2611 0.479297
2998 2625 0.551155
3015 2633 0.277261
3016 2634 0.721944
3024 2627 0.266104
3031 1645 0.391784
3032 1646 0.358225
3044 2654 0.423857
3054 2659 0.372459
3061 2647 0.512641
3065 2660 0.502285
3074 2687 0.231798
3080 2686 0.199443
3087 2682 0.287866
3088 2683 0.392402
3089 2670 0.444422
3090 2679 0.245322
3103 2689 0.324193
3105 2705 0.262077
3113 2710 0.466425
3114 2711 0.500423
3119 1677 0.601655
3124 2727 0.696298
3131 2738 0.535908
3132 2739 0.493715
3142 2743 0.473545
3162 2761 0.405527
3163 2762 0.459942
3173 2766 0.263460
3179 2768 0.355782
3180 2769 0.549623
3196 2774 0.630966
3202 2780 0.494340
3210 2785 0.309128
3211 2786 0.302045
3216 2797 0.253627
3251 2893 0.687508
3285 2643 0.793431
3296 1791 0.703241
3298 2904 0.440962
3311 2908 0.719856
3312 2909 0.390170
3313 3790 0.767674
3340 2932 0.362318
3341 698 0.776114
3343 2936 0.375601
3351 2950 0.318684
3353 2952 0.300426
3354 2956 0.432433
3362 2966 0.542914
3380 2982 0.741002
3393 3620 0.753849
3400 3001 0.557190
3407 3017 0.574837
3409 3025 0.592685
3443 1937 0.444465
3550 3164 0.791564
3709 3306 0.570863
3729 3304 0.771025
4088 712 0.715970
4091 3672 0.789996
4102 3683 0.793484
4106 2404 0.426634
4113 3715 0.595104
4114 3716 0.406223
4126 3733 0.483193
4133 2424 0.792821
4144 3725 0.310799
4145 3726 0.290884
4159 2421 0.584655
4188 3772 0.466156
4210 3808 0.765144
4223 3743 0.734994
4228 2921 0.756296
4233 3740 0.466118
4241 3798 0.600721
4254 2478 0.503578
4266 3845 0.546401
4267 3846 0.450817
4285 3849 0.623009
