322
16 15 0.489307
18 1102 0.763880
19 17 0.643083
25 74 0.615410
32 29 0.521362
33 30 0.386440
34 54 0.535480
36 33 0.429744
40 34 0.510844
43 35 0.312966
46 38 0.159044
49 39 0.322760
51 40 0.512071
52 43 0.225067
53 44 0.406011
54 45 0.322693
55 46 0.262896
57 92 0.655801
59 55 0.534975
61 60 0.434358
62 61 0.674988
64 66 0.559378
65 64 0.317008
66 65 0.250028
70 74 0.141852
76 119 0.273164
77 120 0.329332
79 82 0.352406
82 86 0.606028
83 87 0.256942
84 88 0.464961
92 95 0.641759
99 352 0.759494
100 117 0.213777
104 121 0.198130
105 78 0.773382
113 127 0.373165
118 226 0.627745
127 140 0.330868
130 254 0.467812
131 91 0.484294
132 92 0.504611
138 277 0.761136
141 161 0.608273
142 163 0.764219
143 162 0.563829
150 102 0.655353
168 202 0.324092
174 208 0.441535
176 214 0.295458
177 215 0.296935
181 373 0.416192
182 374 0.449609
187 227 0.706574
188 228 0.428576
193 405 0.430034
194 238 0.643305
195 239 0.532088
196 246 0.375040
199 249 0.685592
201 255 0.601245
203 418 0.653160
204 265 0.563436
206 267 0.558948
208 270 0.443788
210 276 0.415513
211 285 0.405608
212 159 0.771239
213 286 0.519584
216 168 0.496187
220 295 0.594300
221 296 0.298659
227 467 0.789288
228 306 0.352485
239 817 0.788248
241 817 0.727655
245 354 0.338819
254 206 0.452132
258 358 0.230144
265 364 0.206657
269 369 0.264128
272 372 0.363620
276 378 0.276320
277 379 0.471373
279 384 0.514134
283 390 0.671506
285 391 0.758923
286 575 0.577258
290 399 0.660493
293 406 0.451976
301 247 0.502838
302 605 0.368767
303 252 0.475629
309 414 0.618110
310 413 0.416010
317 627 0.536802
323 436 0.731354
337 453 0.307190
340 461 0.601983
344 462 0.493924
359 472 0.592208
364 717 0.690569
367 479 0.585955
368 480 0.668473
369 726 0.785788
371 725 0.667622
384 522 0.426767
400 529 0.165949
403 533 0.430464
409 536 0.555698
410 537 0.281820
411 538 0.395753
418 541 0.389876
421 848 0.332816
424 545 0.473738
439 561 0.590014
445 386 0.796479
447 577 0.423929
449 899 0.783599
450 392 0.681307
451 393 0.482016
453 579 0.667438
455 584 0.473829
458 583 0.402496
461 586 0.496902
464 591 0.660310
465 592 0.648495
468 601 0.753443
474 610 0.737397
479 615 0.689653
483 620 0.243022
484 621 0.306839
489 633 0.434899
494 429 0.538016
495 430 0.685766
505 654 0.567502
510 664 0.662823
517 454 0.553572
527 690 0.594898
529 1119 0.780955
540 698 0.453838
543 710 0.447360
544 478 0.559164
550 718 0.771495
570 2066 0.792424
580 1060 0.748602
587 819 0.338815
593 822 0.274565
595 823 0.181828
596 825 0.354002
597 824 0.267114
599 827 0.164342
606 834 0.196566
612 536 0.614678
613 844 0.590491
616 841 0.227500
617 842 0.175791
618 843 0.195364
628 846 0.601537
636 849 0.541784
641 543 0.675748
644 854 0.262189
646 544 0.794209
652 855 0.521846
656 860 0.511213
660 548 0.491150
669 879 0.503772
671 880 0.591202
674 1422 0.637045
685 887 0.444245
701 569 0.533338
713 921 0.659464
716 915 0.771615
717 931 0.776585
720 927 0.746193
721 928 0.660419
722 937 0.595516
723 938 0.526431
742 959 0.526337
761 975 0.545079
770 984 0.535764
773 991 0.557394
776 994 0.509677
777 995 0.399595
782 992 0.615740
784 1002 0.653832
785 1003 0.496614
812 652 0.523144
813 653 0.556620
827 1077 0.741164
828 1071 0.634218
829 1072 0.492903
837 1094 0.658284
842 674 0.617465
843 675 0.703577
849 1100 0.580615
859 695 0.525623
860 1137 0.594118
863 213 0.797038
874 712 0.599608
875 1729 0.630798
879 716 0.755787
911 2044 0.709384
927 1333 0.206245
930 1334 0.160209
957 1344 0.245588
964 2078 0.343787
965 2079 0.457786
966 1349 0.495640
970 1351 0.228402
975 1360 0.626040
976 1385 0.796830
997 1383 0.331106
1000 813 0.755825
1003 1388 0.284331
1006 1389 0.257171
1007 2131 0.781841
1010 2127 0.415511
1011 2128 0.584714
1030 1399 0.772504
1033 1403 0.448287
1037 1418 0.398201
1058 1445 0.746419
1059 1446 0.778763
1066 1451 0.591444
1078 898 0.597991
1089 1462 0.723996
1094 1466 0.634031
1123 2249 0.745699
1150 955 0.733111
1151 1520 0.414624
1160 971 0.400843
1163 1541 0.488543
1168 1536 0.542968
1169 1548 0.662669
1176 2355 0.645127
1178 1544 0.529336
1179 1545 0.642170
1189 1565 0.667892
1190 1569 0.557821
1214 2395 0.654834
1217 1031 0.580521
1218 1032 0.596334
1222 1592 0.772762
1223 1596 0.448296
1226 1589 0.742473
1228 1601 0.674288
1235 1051 0.432415
1236 1052 0.352851
1254 1639 0.575195
1269 1643 0.460128
1277 1086 0.799336
1286 945 0.757273
1292 1705 0.702038
1294 1694 0.601950
1311 1142 0.470063
1317 1710 0.791734
1326 1719 0.672310
1338 2637 0.768677
1343 1743 0.715632
1349 1170 0.688666
1350 1171 0.628363
1355 1779 0.573407
1382 1194 0.556097
1384 1189 0.586508
1392 2724 0.794974
1395 1819 0.656778
1396 1820 0.711033
1401 1826 0.404068
1409 1997 0.622541
1410 1998 0.687513
1417 2045 0.492387
1419 2046 0.293002
1427 2047 0.489047
1429 2048 0.270057
1443 2049 0.433434
1447 2050 0.320623
1454 2051 0.253042
1455 2052 0.239395
1464 2056 0.596885
1477 2057 0.270522
1481 1338 0.375115
1482 2061 0.284868
1485 2068 0.182513
1488 1345 0.580566
1489 1346 0.420046
1490 2074 0.523169
1493 2081 0.436626
1499 2087 0.238528
1512 2095 0.251184
1517 2098 0.351960
1520 2100 0.655770
1522 2105 0.742916
1526 2111 0.386304
1536 2117 0.370962
1538 2119 0.628121
1539 2120 0.446193
1543 1386 0.772765
1597 350 0.735262
1604 2158 0.653347
1605 2167 0.684242
1623 2175 0.627942
1627 1432 0.777056
1643 2195 0.672762
1667 2213 0.734013
1668 2214 0.731078
1692 1482 0.705112
1712 2258 0.592336
1785 2370 0.778170
1789 2360 0.705264
1790 2361 0.747039
1793 1556 0.798953
1800 2387 0.665526
1801 2382 0.742720
1853 1834 0.791305
1870 1627 0.405602
1878 2469 0.638773
1922 2510 0.651304
1929 1663 0.671396
2019 2630 0.643791
2027 1760 0.493288
2028 1767 0.711228
