708
6 5 0.542090
11 13 0.351762
12 15 0.387731
16 19 0.198172
18 23 0.253699
19 24 0.253951
20 26 0.668362
21 30 0.340216
22 31 0.243816
32 42 0.254991
36 58 0.192374
37 59 0.143916
42 63 0.234268
49 64 0.324767
53 68 0.246706
56 69 0.266450
62 74 0.222242
72 86 0.547305
73 130 0.456426
81 96 0.215029
89 157 0.753228
90 65 0.567718
93 107 0.192389
96 108 0.506376
97 114 0.209069
99 117 0.477581
100 182 0.412745
101 183 0.469665
105 200 0.728073
112 131 0.673479
118 146 0.207462
123 149 0.494532
126 150 0.227674
128 151 0.200847
129 152 0.152658
135 158 0.330464
136 159 0.344981
139 163 0.184423
141 165 0.214055
142 166 0.218157
143 106 0.425724
145 164 0.344675
146 167 0.259269
152 169 0.789407
153 170 0.635866
155 172 0.289203
156 173 0.369468
159 2067 0.787606
164 179 0.196376
165 180 0.127870
166 314 0.445908
169 185 0.525680
170 186 0.228768
173 120 0.288205
177 191 0.736386
178 331 0.729293
179 198 0.451440
184 209 0.494507
186 221 0.273028
187 222 0.290896
189 386 0.384124
190 226 0.391678
191 230 0.283623
192 227 0.194033
193 229 0.171951
194 233 0.477667
195 235 0.295781
200 239 0.153883
201 240 0.141532
207 256 0.445857
209 256 0.275010
212 260 0.248485
213 261 0.349136
216 1422 0.790484
217 265 0.234397
218 266 0.185383
220 269 0.324326
222 457 0.503463
231 274 0.377022
233 275 0.557638
234 276 0.301733
235 279 0.125267
236 280 0.224408
242 284 0.157265
243 282 0.353068
244 283 0.212530
248 287 0.240394
251 288 0.371994
257 164 0.405161
259 478 0.667701
260 479 0.708002
261 294 0.214626
263 295 0.241401
264 296 0.309105
268 300 0.305378
269 298 0.485114
271 302 0.598592
274 303 0.289336
279 512 0.648302
280 305 0.663716
282 307 0.300819
283 308 0.214986
288 316 0.184986
289 315 0.495840
297 184 0.450941
299 321 0.711856
312 346 0.389733
315 344 0.666878
321 210 0.561144
325 371 0.521766
326 372 0.212147
327 373 0.467134
328 383 0.366770
329 384 0.352072
330 387 0.289880
331 388 0.431003
332 390 0.319776
333 389 0.462113
334 391 0.424042
335 392 0.346020
336 393 0.353904
338 394 0.407496
339 395 0.205728
343 399 0.230697
345 401 0.124622
346 404 0.160833
349 406 0.238355
350 238 0.360105
355 422 0.161884
356 424 0.400884
363 430 0.144159
365 435 0.166115
366 436 0.171822
367 437 0.225019
368 439 0.258087
375 447 0.218380
376 710 0.593784
377 712 0.471905
380 451 0.685022
382 455 0.143873
387 460 0.331717
395 741 0.471854
396 462 0.214916
397 278 0.486688
404 469 0.229659
409 473 0.328910
416 482 0.454631
420 493 0.553627
421 494 0.556652
423 491 0.223625
424 495 0.327888
427 497 0.491321
431 803 0.429234
432 500 0.255833
434 501 0.447661
437 511 0.449086
438 509 0.302621
443 513 0.475787
446 522 0.290768
452 536 0.223152
455 535 0.380202
458 538 0.386427
473 890 0.540679
492 574 0.687025
494 918 0.783667
496 603 0.204397
497 605 0.649917
499 607 0.236029
500 610 0.389850
502 617 0.470721
503 618 0.418889
504 619 0.411901
505 620 0.336897
506 1010 0.337906
507 623 0.215375
508 632 0.462840
509 631 0.374709
510 638 0.462662
511 398 0.523764
512 643 0.218029
515 646 0.332211
516 400 0.510481
519 648 0.395423
520 652 0.277445
524 671 0.545297
525 676 0.193887
526 677 0.308387
527 682 0.325895
546 704 0.269721
547 705 0.495885
552 715 0.711243
553 716 0.456137
556 722 0.409118
558 723 0.284423
559 727 0.540024
562 729 0.532418
563 730 0.378012
565 1881 0.798478
566 733 0.418578
567 734 0.359258
568 735 0.429115
571 736 0.383718
573 737 0.642203
574 738 0.458171
593 752 0.255769
594 753 0.315559
595 1214 0.536222
596 466 0.698235
597 754 0.591137
598 755 0.323500
599 757 0.340818
600 761 0.616066
603 764 0.279452
607 766 0.674849
608 762 0.427512
611 771 0.250647
619 786 0.465933
622 483 0.705021
623 781 0.474088
624 782 0.428733
632 490 0.374581
634 1275 0.479162
635 795 0.339098
636 787 0.386655
639 499 0.671121
641 798 0.568616
646 821 0.714246
649 516 0.711253
651 828 0.731639
656 1324 0.592175
657 836 0.654389
658 834 0.262003
659 838 0.565301
665 1332 0.520836
671 1339 0.662603
672 845 0.394145
673 531 0.775753
676 863 0.334430
681 869 0.431843
685 861 0.369413
697 879 0.459644
700 882 0.696635
703 116 0.777198
704 880 0.697495
708 889 0.745932
738 958 0.253003
740 961 0.350570
741 962 0.226441
742 967 0.418709
745 1560 0.540490
746 981 0.239845
747 983 0.338366
748 1588 0.792841
749 988 0.210175
751 989 0.334318
753 998 0.422452
754 996 0.216950
755 997 0.327179
756 1620 0.375524
758 1000 0.269510
759 1001 0.310300
761 1003 0.344199
762 1009 0.178876
763 1007 0.161374
765 1017 0.292093
766 1014 0.492595
767 1015 0.406260
771 1019 0.468760
772 1026 0.695448
773 635 0.682675
777 1030 0.282818
778 1034 0.178509
779 1035 0.351621
780 1031 0.250356
781 1032 0.281237
782 1033 0.334184
783 1036 0.164250
784 1037 0.284605
785 1040 0.390470
786 1041 0.268350
787 1042 0.235077
790 1045 0.132132
791 1053 0.354253
795 1056 0.256552
798 1065 0.669515
799 1060 0.174222
800 1063 0.190622
801 1064 0.229864
802 1067 0.242001
803 1068 0.209968
806 1717 0.463976
807 1076 0.394230
809 1079 0.478286
810 1080 0.481454
811 648 0.369649
812 1081 0.259940
815 1083 0.447314
816 1084 0.337102
818 1777 0.344990
820 1110 0.074608
829 1114 0.414267
831 1117 0.212489
832 1119 0.488151
833 1120 0.401952
838 1125 0.305757
840 1127 0.306630
864 1154 0.498189
869 1848 0.796424
877 1157 0.668361
890 1180 0.268764
891 1181 0.245067
893 1186 0.668065
900 1188 0.377600
904 1190 0.655399
905 1191 0.357851
907 1193 0.536450
909 743 0.377197
913 1180 0.633292
914 1195 0.589999
919 1203 0.273651
920 1198 0.315696
923 1207 0.405863
924 1212 0.415067
925 1204 0.236489
926 1206 0.229199
930 1205 0.330768
932 1208 0.420632
934 1921 0.391731
935 1216 0.262542
936 1217 0.152645
940 1226 0.538796
945 1940 0.756728
946 1227 0.682798
947 1236 0.794325
953 1230 0.452900
954 1231 0.405056
963 1250 0.426058
964 1975 0.518087
967 1982 0.733955
968 1249 0.348135
987 2006 0.524675
988 1275 0.563800
989 1278 0.277712
990 1279 0.282198
999 800 0.682262
1007 1283 0.333863
1008 2025 0.402010
1009 70 0.799950
1010 1289 0.451872
1011 1288 0.339816
1018 1294 0.372399
1019 1297 0.571277
1020 1298 0.540201
1021 1299 0.172414
1022 2048 0.571893
1048 1318 0.363842
1049 2073 0.614145
1056 1329 0.223555
1064 1331 0.726588
1067 2117 0.469385
1068 1334 0.494111
1075 1337 0.369893
1084 1354 0.248667
1085 1355 0.242992
1087 2139 0.689579
1091 1341 0.555736
1101 1353 0.530370
1105 1378 0.636395
1108 1363 0.766531
1109 1369 0.776580
1112 1384 0.583621
1120 1388 0.787491
1122 2187 0.642278
1127 1397 0.334265
1134 1402 0.600190
1135 1407 0.276249
1153 891 0.475198
1159 1428 0.379662
1181 1449 0.647502
1201 1527 0.458739
1202 1532 0.341700
1203 2410 0.558357
1207 1539 0.591336
1208 1551 0.265018
1209 1552 0.373697
1210 1550 0.358126
1211 1554 0.487494
1212 1549 0.271659
1213 1544 0.355676
1214 1561 0.257915
1215 1562 0.240574
1216 1555 0.372591
1217 1556 0.268595
1218 1563 0.154557
1221 1570 0.365607
1222 1571 0.316308
1223 1579 0.249950
1229 2496 0.700753
1230 1601 0.372425
1231 1589 0.219584
1232 1590 0.311696
1235 1582 0.462357
1236 1583 0.478641
1240 2500 0.558447
1241 1615 0.182094
1243 1617 0.581227
1244 1004 0.756971
1245 1608 0.511744
1247 1632 0.564870
1248 1633 0.461819
1251 1640 0.333849
1252 1652 0.378887
1254 1649 0.513086
1257 1662 0.398303
1260 1027 0.654644
1261 1656 0.259669
1262 2622 0.450955
1263 1674 0.245015
1264 1675 0.320883
1265 1676 0.702714
1267 1659 0.244531
1271 2636 0.606931
1279 1678 0.204096
1280 1682 0.280592
1282 1687 0.153291
1284 2657 0.356235
1286 1692 0.476161
1287 1050 0.465956
1288 1693 0.142814
1290 1058 0.628518
1293 1057 0.431758
1294 1700 0.157109
1297 1715 0.597848
1298 2691 0.778523
1300 1716 0.322104
1305 1719 0.396794
1307 1722 0.681602
1312 2707 0.545283
1314 1075 0.561342
1315 1077 0.795871
1318 1731 0.646580
1319 1082 0.405929
1320 1735 0.556110
1321 2723 0.434484
1322 2724 0.402972
1325 1740 0.457981
1326 1741 0.512832
1328 1743 0.181547
1329 2753 0.348641
1339 1786 0.338176
1341 2822 0.532065
1347 1790 0.166849
1348 1793 0.332135
1352 1804 0.374918
1354 1807 0.434440
1355 1806 0.396596
1362 1812 0.250585
1365 2853 0.760595
1379 2863 0.712951
1381 1817 0.269500
1382 1818 0.449622
1384 1819 0.479464
1385 1820 0.535924
1391 1823 0.397038
1407 2891 0.510548
1410 1843 0.126258
1411 1844 0.106557
1415 1846 0.437761
1419 1857 0.480415
1420 1849 0.433492
1424 1169 0.712434
1428 1860 0.382558
1429 1861 0.234386
1430 1867 0.424309
1441 1871 0.789845
1442 1872 0.682800
1443 1175 0.625147
1444 1176 0.606828
1447 2928 0.752093
1464 1893 0.209939
1473 1912 0.585233
1475 1907 0.238426
1476 1196 0.696752
1485 1931 0.602503
1488 1939 0.300377
1494 1224 0.657341
1497 1950 0.432034
1500 1945 0.441292
1506 2805 0.747971
1508 1961 0.394975
1513 1963 0.303344
1514 1964 0.327143
1524 1973 0.379734
1539 1992 0.675939
1540 3109 0.773708
1553 2016 0.649774
1562 2013 0.539701
1568 2019 0.271906
1570 2032 0.464689
1572 2030 0.672414
1574 2027 0.357621
1581 3137 0.552034
1582 3147 0.664724
1598 3160 0.632101
1605 2070 0.478127
1606 2071 0.365708
1617 2074 0.712561
1618 2075 0.687767
1630 2100 0.220047
1632 2115 0.247496
1633 2116 0.427306
1640 2128 0.446507
1657 2131 0.474521
1679 2175 0.391282
1687 2183 0.310471
1688 3372 0.770855
1689 1382 0.275579
1695 2191 0.354507
1697 2203 0.272861
1698 3399 0.782614
1704 2198 0.545952
1716 3388 0.663271
1718 2230 0.455161
1723 2242 0.479404
1728 1424 0.570242
1730 1430 0.755888
1749 2257 0.750628
1762 1453 0.663588
1763 1454 0.729338
1771 3519 0.771193
1773 2287 0.703119
1793 2306 0.593811
1813 3590 0.687838
1834 2408 0.443140
1835 2415 0.245376
1836 2423 0.525095
1837 2421 0.339988
1838 2424 0.667441
1840 2431 0.577227
1850 2435 0.655324
1855 2438 0.727657
1856 2439 0.585406
1857 2440 0.467188
1858 1566 0.586836
1859 2442 0.218842
1860 2443 0.362688
1864 2453 0.343330
1866 2454 0.288220
1868 2463 0.763720
1870 2469 0.292883
1871 2470 0.187144
1874 1574 0.419578
1875 2471 0.458899
1876 2481 0.434054
1878 2491 0.274575
1879 2485 0.501474
1886 2479 0.392889
1892 2515 0.557902
1893 2516 0.261116
1895 1604 0.662022
1896 2502 0.369487
1897 2512 0.191102
1898 1605 0.383912
1900 2501 0.510848
1901 2519 0.275227
1905 2531 0.500836
1909 1614 0.293485
1910 1611 0.477834
1917 2521 0.338130
1918 2522 0.469258
1922 1625 0.609784
1923 2541 0.701120
1925 2581 0.545893
1926 2554 0.365190
1927 2555 0.427005
1928 2552 0.310329
1929 2553 0.338125
1930 2545 0.364724
1932 2586 0.271006
1933 2563 0.561767
1937 2569 0.539240
1938 2570 0.413513
1939 2580 0.471439
1940 2579 0.666712
1941 2584 0.666615
1942 2597 0.702601
1945 2603 0.402441
1946 2611 0.322295
1949 2607 0.497187
1950 2608 0.414077
1951 2600 0.209532
1952 2601 0.559266
1953 2596 0.531546
1954 1664 0.747794
1955 2625 0.338281
1956 2626 0.413057
1964 2602 0.334142
1965 2619 0.555165
1966 2632 0.524144
1968 1681 0.595818
1969 2649 0.208945
1972 2653 0.450001
1973 2654 0.381904
1974 2655 0.515393
1975 2656 0.362965
1977 1689 0.595176
1978 2658 0.436474
1986 1694 0.474210
1999 2683 0.183982
2000 2684 0.235374
2003 2689 0.230263
2004 2690 0.253688
2007 2687 0.403255
2008 2688 0.592839
2011 2695 0.520686
2016 2696 0.721318
2026 2709 0.235035
2029 2714 0.567579
2035 2712 0.540871
2036 2719 0.327286
2040 2743 0.514657
2041 2744 0.403931
2053 2801 0.296205
2065 2819 0.487984
2067 2819 0.789455
2073 2807 0.761387
2076 2825 0.572494
2086 2878 0.787158
2090 2833 0.237976
2091 2839 0.298997
2095 2846 0.695790
2096 358 0.748386
2097 2847 0.363723
2130 2876 0.509594
2138 1826 0.555480
2161 2905 0.624420
2163 2898 0.379676
2180 2934 0.462357
2201 2948 0.480044
2203 2955 0.522846
2208 2956 0.710255
2215 2966 0.372863
2216 2967 0.388996
2235 2433 0.700434
2236 1926 0.503437
2248 1933 0.589807
2265 2998 0.537554
2274 3029 0.358561
2279 3025 0.382302
2280 3026 0.439191
2281 1952 0.604249
2287 3028 0.447926
2292 3033 0.264899
2293 3034 0.496759
2294 3040 0.345125
2295 3041 0.492199
2308 3043 0.751362
2309 3051 0.595012
2311 3048 0.566857
2318 3058 0.665574
2321 3054 0.416317
2331 3071 0.377277
2332 3064 0.277638
2333 3067 0.548579
2336 2001 0.528291
2347 3092 0.612140
2354 3093 0.657290
2386 3120 0.318362
2400 3153 0.668106
2403 3161 0.519413
2404 3162 0.608336
2405 3163 0.574790
2410 3150 0.451960
2419 3173 0.461192
2420 3175 0.353424
2431 2087 0.792698
2439 3206 0.573415
2454 3228 0.578101
2455 3241 0.603608
2464 3246 0.415355
2465 3247 0.415842
2482 3245 0.468980
2484 3275 0.603775
2492 3274 0.338950
2496 3279 0.347275
2499 3265 0.440465
2503 3294 0.424484
2504 2132 0.386186
2506 3264 0.565326
2521 2153 0.563897
2528 3335 0.491988
2537 3339 0.569145
2538 3342 0.301914
2543 2174 0.356724
2545 3357 0.273735
2547 3321 0.527182
2553 3361 0.499079
2573 2207 0.454748
2574 2208 0.332156
2604 3433 0.656406
2617 3464 0.431295
2642 3497 0.616357
2670 3505 0.431406
2676 3512 0.737668
2683 2311 0.670190
2687 3548 0.585357
2706 3550 0.513310
2741 3579 0.755324
