649
8 10 0.411670
12 28 0.436954
13 16 0.427348
16 19 0.365688
18 24 0.157857
19 27 0.744495
21 28 0.735940
22 14 0.388360
28 32 0.712636
37 36 0.217957
41 38 0.121595
42 39 0.137996
56 53 0.665914
58 54 0.245450
67 59 0.769250
74 61 0.440135
80 70 0.574197
82 74 0.674555
85 76 0.666638
86 77 0.673043
87 50 0.773295
95 51 0.410437
100 90 0.383073
102 92 0.733567
104 163 0.791964
105 165 0.720239
107 167 0.347810
108 57 0.471952
114 109 0.493339
115 110 0.312520
116 111 0.434484
129 122 0.647556
130 123 0.493170
136 134 0.702852
139 144 0.476767
142 225 0.543644
143 84 0.643911
146 154 0.601784
148 157 0.332306
153 165 0.182571
165 278 0.507413
168 171 0.322389
169 174 0.428840
170 3749 0.784546
175 304 0.791247
184 194 0.795086
189 331 0.765321
195 198 0.675520
205 211 0.438065
216 367 0.588528
222 221 0.664455
228 408 0.316955
232 146 0.426863
240 239 0.295815
241 240 0.160501
242 241 0.137768
243 242 0.192445
244 243 0.178711
249 248 0.225192
250 249 0.314186
251 250 0.340718
256 255 0.222036
259 256 0.725540
265 457 0.459392
266 260 0.085726
267 459 0.537874
268 263 0.512337
269 465 0.716599
286 473 0.544444
291 279 0.199948
292 280 0.229568
295 281 0.190274
299 175 0.745210
302 291 0.340304
310 507 0.645802
323 312 0.673889
368 200 0.717521
387 364 0.697216
391 362 0.439742
392 363 0.356290
393 369 0.491666
397 367 0.294851
399 609 0.495280
406 394 0.626291
407 396 0.304603
408 397 0.413963
411 402 0.148008
418 411 0.259346
426 416 0.240746
428 421 0.186963
429 422 0.252654
430 424 0.381827
432 426 0.361435
433 429 0.287074
434 430 0.244877
441 435 0.469392
442 441 0.149039
444 443 0.216913
450 733 0.674491
455 741 0.782150
456 454 0.574505
457 455 0.545420
463 464 0.095806
470 768 0.534463
483 477 0.216707
484 481 0.212589
489 484 0.357346
490 486 0.351884
494 487 0.361305
496 492 0.398914
499 823 0.756024
505 503 0.313937
508 511 0.745459
543 547 0.387067
545 912 0.588498
546 341 0.637178
549 558 0.567838
550 563 0.434483
575 582 0.637190
579 959 0.496508
587 594 0.696722
595 976 0.518478
605 604 0.322016
606 605 0.276006
609 377 0.647102
611 624 0.518310
619 634 0.242276
620 635 0.559009
621 633 0.225738
623 637 0.408796
626 395 0.377355
627 636 0.348344
628 643 0.261238
629 644 0.369994
630 398 0.354923
646 1063 0.374766
647 410 0.617104
654 661 0.415042
655 664 0.400885
659 665 0.341743
662 1105 0.389343
663 1106 0.411776
664 670 0.431258
665 1110 0.588377
666 1111 0.463268
669 1123 0.401567
671 423 0.360603
674 681 0.243526
679 428 0.467482
680 682 0.404436
681 1143 0.487160
682 690 0.281950
683 689 0.161267
684 692 0.183394
685 695 0.719017
688 701 0.293898
691 703 0.214760
696 1183 0.466272
699 706 0.360126
701 708 0.369503
702 709 0.429108
707 1208 0.747803
708 715 0.167533
715 725 0.725649
719 450 0.767074
720 147 0.790851
726 742 0.509755
728 1254 0.769600
736 749 0.274003
739 754 0.382025
743 755 0.407847
744 756 0.116856
746 761 0.155175
747 762 0.132898
751 765 0.345046
753 766 0.504507
754 767 0.346992
755 1047 0.771233
777 786 0.722644
783 800 0.216208
786 808 0.519905
798 821 0.244192
805 847 0.536321
889 902 0.399646
907 1538 0.730123
908 1539 0.713157
914 935 0.652310
917 925 0.645572
920 930 0.493513
949 1604 0.522414
963 1640 0.753037
972 1628 0.788929
973 1632 0.552651
980 600 0.358640
990 1674 0.578942
991 1675 0.665376
997 1007 0.768926
999 1001 0.769682
1010 1015 0.700755
1016 1013 0.475142
1018 1713 0.782742
1027 1726 0.753596
1028 1039 0.416111
1031 1739 0.670514
1032 1038 0.333532
1034 1043 0.151175
1035 1042 0.356278
1037 396 0.768175
1040 1741 0.782950
1042 1046 0.374557
1048 402 0.528341
1054 1777 0.579839
1057 1776 0.432033
1059 1068 0.394802
1061 1069 0.212177
1062 1062 0.277609
1063 1060 0.478333
1066 1070 0.324466
1067 1071 0.337783
1069 1061 0.289582
1072 1074 0.231091
1073 1077 0.362188
1079 1073 0.251483
1087 1087 0.338200
1088 1079 0.220841
1089 1080 0.216897
1091 1090 0.674816
1092 1078 0.221283
1099 1088 0.143211
1102 1093 0.175660
1103 1094 0.220518
1106 1092 0.440279
1109 1091 0.164513
1110 1098 0.232560
1111 1112 0.190631
1112 1103 0.262393
1113 1104 0.440156
1114 1121 0.174172
1115 1118 0.246050
1116 1107 0.183106
1121 1122 0.152101
1123 1127 0.570673
1124 1128 0.674764
1125 1120 0.428223
1127 671 0.750757
1133 1138 0.273978
1136 1146 0.162238
1137 1147 0.429586
1140 1155 0.223870
1142 1161 0.225206
1143 1159 0.279978
1146 1163 0.191414
1150 1167 0.265195
1151 1170 0.265839
1160 1174 0.209539
1165 1175 0.414980
1166 1176 0.244296
1168 1180 0.269876
1171 1184 0.396637
1172 1189 0.374167
1174 1188 0.176937
1180 1195 0.207397
1182 1197 0.275902
1186 1205 0.572071
1187 1206 0.501534
1193 1211 0.254242
1199 2040 0.763453
1200 1220 0.715476
1208 1230 0.372222
1209 1231 0.377949
1219 1245 0.638676
1220 1246 0.746668
1230 1250 0.464349
1232 1253 0.566546
1239 1255 0.685292
1242 755 0.473115
1244 1260 0.239122
1246 1262 0.115650
1247 1264 0.209501
1248 765 0.739900
1254 1266 0.220435
1256 1267 0.183427
1257 1268 0.139555
1272 2118 0.720763
1279 1286 0.320939
1280 1287 0.275189
1282 2128 0.444082
1292 1304 0.403483
1296 1307 0.319873
1300 1320 0.304273
1302 1329 0.584012
1311 2171 0.524469
1313 1334 0.552098
1314 817 0.550970
1325 2196 0.591537
1326 1340 0.460428
1334 1346 0.579227
1339 841 0.731834
1346 1356 0.698918
1353 1359 0.773118
1509 2447 0.485870
1529 2486 0.472062
1530 2487 0.387024
1532 2502 0.767229
1549 2537 0.614331
1577 1600 0.575349
1591 3345 0.714222
1597 1624 0.358953
1611 1646 0.648155
1657 1678 0.508161
1680 2738 0.694464
1684 2751 0.519706
1690 2797 0.543213
1691 1731 0.557067
1693 1730 0.474955
1694 1738 0.377794
1695 1725 0.163761
1696 1727 0.376321
1697 2808 0.744731
1699 1746 0.177940
1701 1743 0.242157
1702 1744 0.216270
1703 1741 0.347499
1705 1042 0.729502
1708 1728 0.499097
1710 1047 0.292300
1711 1729 0.559139
1712 1748 0.155875
1713 1740 0.404694
1718 1737 0.457411
1721 1760 0.698402
1739 1774 0.570633
1740 1775 0.496189
1747 2864 0.598999
1748 1773 0.378356
1749 1771 0.280758
1765 1791 0.449540
1772 1814 0.221223
1773 1084 0.424139
1774 1085 0.373730
1777 1810 0.270584
1778 1811 0.349519
1783 1816 0.210534
1784 1805 0.213722
1786 1823 0.330709
1792 2967 0.302165
1797 1834 0.416664
1815 3001 0.464770
1816 3002 0.448872
1817 1837 0.351510
1818 1851 0.224348
1819 1854 0.311576
1826 1859 0.335225
1830 1861 0.328840
1833 1862 0.260401
1834 1863 0.212107
1835 3003 0.780345
1836 1877 0.428851
1841 1866 0.306510
1846 1880 0.453796
1852 1884 0.392819
1854 1890 0.265283
1863 1915 0.159153
1866 1925 0.404102
1871 1929 0.230117
1872 1930 0.272206
1873 1928 0.338024
1875 1941 0.392376
1878 1943 0.305646
1879 1950 0.362811
1880 1948 0.154510
1881 1949 0.241762
1891 1955 0.412403
1892 1956 0.207445
1893 1960 0.193129
1899 1964 0.283878
1900 1965 0.288923
1902 3148 0.586994
1905 1968 0.341216
1906 1969 0.424184
1907 1967 0.473091
1910 1974 0.310708
1911 1977 0.428516
1914 1975 0.343192
1915 1979 0.417607
1916 1980 0.324094
1921 1192 0.541641
1922 3171 0.594350
1924 1986 0.315215
1925 1987 0.316946
1927 1991 0.441612
1928 1992 0.247741
1932 3209 0.410336
1933 2000 0.362816
1934 2007 0.348366
1938 2010 0.487302
1939 2016 0.159581
1940 2017 0.209460
1941 2018 0.204716
1942 2030 0.316637
1944 2026 0.250732
1955 2044 0.595826
1963 3258 0.790355
1980 1247 0.688414
1981 2073 0.676943
1982 2074 0.578556
1983 2078 0.318859
1984 2079 0.718648
1987 2080 0.506995
2002 2090 0.342668
2003 2091 0.374083
2004 2095 0.656516
2010 2097 0.296909
2016 2104 0.239568
2033 2112 0.356082
2050 2120 0.601428
2051 3357 0.483295
2067 3272 0.786568
2077 2143 0.745128
2080 2144 0.672026
2086 2148 0.520407
2097 2156 0.447995
2099 2154 0.243114
2100 2163 0.556589
2108 2161 0.401306
2114 1330 0.625214
2121 2168 0.472615
2122 2173 0.350971
2123 2174 0.452041
2132 2185 0.609592
2133 2186 0.572663
2136 2187 0.447258
2144 3498 0.632900
2167 3531 0.630225
2168 2165 0.749851
2176 3563 0.770640
2234 2303 0.464601
2357 2465 0.684953
2371 3870 0.752443
2377 2479 0.337742
2387 2489 0.258112
2388 2490 0.512044
2389 2493 0.355140
2390 3901 0.615753
2396 3889 0.746516
2397 3890 0.448618
2403 2510 0.323700
2404 2511 0.332503
2416 2526 0.749602
2422 2544 0.544690
2474 4014 0.511162
2475 2578 0.710044
2493 2597 0.749633
2504 2627 0.407086
2516 3925 0.776823
2534 1651 0.729122
2540 2674 0.621470
2556 2727 0.578254
2560 1701 0.710074
2568 2710 0.644751
2569 2754 0.693011
2570 2755 0.538785
2575 4182 0.468913
2576 4183 0.520974
2581 2709 0.506781
2589 2712 0.418102
2609 4232 0.771974
2634 2786 0.790184
2635 2785 0.568586
2636 1399 0.766214
2641 2810 0.481850
2642 2811 0.368238
2643 2801 0.393988
2649 2787 0.391455
2656 2798 0.688149
2658 2816 0.599626
2661 2805 0.391382
2662 2800 0.290692
2664 1723 0.785297
2679 1747 0.384157
2680 1733 0.283622
2681 1734 0.401774
2683 1742 0.383574
2688 2814 0.374410
2689 2804 0.515287
2707 2843 0.183212
2721 2847 0.776234
2722 2848 0.503752
2727 2858 0.494565
2730 1778 0.506470
2732 2857 0.659389
2734 2860 0.277706
2735 2861 0.429021
2737 2856 0.275540
2738 2854 0.391848
2743 2850 0.302062
2749 2877 0.529978
2751 2865 0.560714
2752 2866 0.487183
2757 1781 0.581069
2761 149 0.787910
2762 2874 0.185663
2770 2867 0.411073
2771 2895 0.311339
2789 2883 0.381597
2795 2885 0.242660
2803 2929 0.329123
2804 2930 0.252178
2806 2894 0.497993
2810 2922 0.319659
2813 2948 0.300648
2814 2949 0.587529
2816 2941 0.450203
2822 2915 0.321389
2823 2916 0.257411
2834 2933 0.379842
2835 2934 0.561218
2838 2963 0.590235
2839 2960 0.180448
2842 2956 0.478830
2849 2958 0.393036
2864 2982 0.383175
2866 2965 0.356473
2874 2983 0.283196
2876 2975 0.274718
2881 2972 0.395670
2889 2984 0.230002
2890 1845 0.469480
2891 3012 0.258926
2893 2991 0.434618
2900 1852 0.727730
2901 1853 0.455990
2902 1846 0.457486
2903 3010 0.210591
2905 3011 0.156345
2908 2996 0.338595
2909 3025 0.258605
2911 3041 0.503703
2912 1876 0.705575
2914 3045 0.617740
2916 3042 0.457154
2917 3043 0.759204
2921 1864 0.547128
2922 1865 0.456316
2927 3021 0.525168
2932 3028 0.282235
2933 3030 0.395753
2941 3072 0.251076
2943 3070 0.296072
2953 3091 0.219028
2954 3092 0.410844
2955 3083 0.300157
2984 1105 0.784718
2992 3126 0.299011
3004 1939 0.575105
3010 3138 0.380567
3013 3135 0.629734
3014 3136 0.759927
3017 3143 0.704654
3027 3150 0.448506
3031 3152 0.565526
3035 3153 0.452957
3038 1972 0.460307
3054 3167 0.328271
3058 3172 0.303145
3060 3184 0.615536
3065 3198 0.407961
3066 3199 0.262302
3068 3191 0.360000
3069 3192 0.551917
3076 3205 0.389977
3078 3206 0.331799
3080 3204 0.468244
3084 3215 0.340558
3085 2008 0.383877
3089 3224 0.391570
3093 3227 0.333625
3096 3228 0.378054
3097 3230 0.471427
3100 3232 0.252241
3121 2042 0.713220
3123 2043 0.602616
3133 3249 0.766767
3153 3263 0.789280
3178 3289 0.547170
3186 2086 0.646555
3187 3299 0.679054
3198 3314 0.163720
3199 3315 0.232535
3217 3319 0.418720
3231 3323 0.368829
3232 3324 0.404862
3238 3327 0.649183
3269 3358 0.533697
3270 3359 0.323913
3277 3367 0.656886
3292 3373 0.399133
3297 3378 0.327809
3308 3384 0.488440
3313 3395 0.600033
3325 3415 0.649960
3328 3417 0.472206
3332 3429 0.617186
3333 2160 0.701750
3335 3428 0.346899
3346 3442 0.664269
3358 343 0.769303
3362 3485 0.272579
3363 3486 0.353856
3365 3478 0.439674
3370 789 0.791281
3384 3525 0.612067
3394 3511 0.637753
3404 3531 0.452248
3429 2252 0.780101
3440 2251 0.772919
3447 3588 0.671695
3482 922 0.789351
3533 2311 0.785269
3552 2142 0.790513
3712 3843 0.666091
3715 3841 0.670393
3728 3851 0.583894
3729 3852 0.522885
3742 3874 0.429797
3743 3921 0.399407
3749 3923 0.345554
3752 3875 0.499559
3757 3880 0.435526
3769 3897 0.429108
3853 4015 0.546142
3879 4032 0.761010
3880 4033 0.789683
3897 4037 0.379048
3903 4046 0.788003
3904 4047 0.596088
3915 4100 0.661800
3930 4070 0.597435
3958 4104 0.569533
3966 4127 0.423388
3972 4115 0.635509
3973 2682 0.598573
3988 4147 0.424181
4007 4170 0.428028
4010 4245 0.618171
4011 4246 0.711869
4015 4270 0.765302
4032 4212 0.505503
4053 4271 0.330058
