212
1 1 0.232662
2 2 0.619295
3 15 0.698792
16 6 0.445133
19 1 0.321569
21 1 0.291427
22 22 0.439025
23 23 0.044275
24 26 0.385545
25 25 0.235448
26 24 0.515008
27 27 0.143258
28 24 0.655531
30 524 0.424041
31 524 0.430022
32 24 0.387179
33 29 0.666343
60 58 0.462658
62 52 0.629875
67 72 0.672037
86 315 0.676352
125 140 0.513669
135 194 0.599637
142 180 0.684466
144 165 0.591022
147 175 0.595482
148 176 0.458318
149 177 0.228097
150 178 0.395823
153 182 0.342300
154 192 0.502635
155 193 0.650100
156 210 0.463428
162 198 0.377495
164 220 0.671577
171 168 0.409391
172 172 0.642682
173 173 0.421454
175 181 0.454773
176 128 0.671165
180 191 0.220097
182 203 0.465994
184 188 0.426257
185 190 0.663837
186 196 0.328635
196 187 0.520112
197 219 0.449528
198 247 0.650350
204 206 0.445676
205 207 0.438730
215 213 0.402120
216 228 0.421300
217 240 0.573533
219 242 0.571022
220 246 0.282779
231 227 0.695917
233 239 0.455610
237 245 0.635449
239 237 0.582589
257 270 0.661450
272 271 0.533844
277 277 0.319777
280 281 0.668222
298 289 0.413851
306 294 0.536178
317 298 0.271333
325 677 0.671048
327 301 0.277351
329 304 0.456220
330 305 0.445699
332 303 0.432168
333 309 0.666339
334 310 0.410692
335 311 0.331674
336 307 0.533918
341 308 0.518008
343 318 0.666120
347 315 0.184989
352 326 0.681126
353 327 0.555537
356 313 0.212381
357 325 0.371540
361 335 0.442851
363 336 0.550786
365 329 0.641585
366 333 0.262498
368 340 0.549360
372 315 0.435521
373 338 0.690718
375 23 0.596156
379 351 0.680598
381 350 0.336351
383 357 0.496878
386 348 0.309461
388 353 0.425553
389 354 0.246947
396 360 0.573513
403 365 0.375600
406 366 0.697594
416 373 0.642968
417 378 0.466994
418 374 0.525621
419 378 0.345007
420 379 0.532683
425 382 0.611392
427 383 0.314532
431 384 0.511833
438 391 0.493088
442 394 0.541288
443 395 0.466278
450 403 0.260024
461 413 0.598858
462 414 0.651435
468 415 0.652966
472 417 0.683459
486 423 0.484250
487 419 0.335464
490 426 0.616416
504 428 0.393217
519 441 0.195955
520 442 0.539314
522 452 0.685986
524 443 0.466062
527 457 0.603248
528 449 0.534846
533 453 0.622840
537 466 0.548596
543 79 0.617876
545 473 0.428094
548 474 0.498838
552 469 0.618625
553 478 0.619915
556 479 0.219962
566 486 0.489279
569 183 0.660185
571 489 0.678242
573 490 0.617002
576 496 0.381102
578 488 0.306841
581 498 0.494307
586 510 0.417636
587 504 0.606091
588 500 0.604436
589 505 0.649519
591 512 0.683799
593 516 0.289250
594 517 0.605475
597 511 0.446352
599 512 0.234436
601 415 0.694508
608 672 0.692320
611 531 0.637721
615 530 0.413971
616 526 0.533984
618 202 0.591774
623 299 0.226715
640 541 0.543897
647 551 0.368075
650 554 0.345466
653 555 0.277374
675 297 0.667373
678 560 0.340424
684 561 0.332872
691 570 0.498775
692 636 0.626018
694 577 0.450113
699 54 0.695598
700 238 0.671168
702 299 0.689199
705 548 0.494803
706 565 0.699816
714 583 0.582773
722 575 0.605411
731 597 0.487183
733 582 0.454255
734 603 0.451874
735 604 0.577649
739 581 0.644892
743 584 0.557754
744 608 0.623512
747 599 0.492033
749 530 0.645847
750 592 0.582533
760 602 0.576348
772 626 0.476443
773 614 0.489812
782 594 0.587163
795 628 0.472176
802 638 0.348640
803 641 0.392102
811 426 0.576220
820 612 0.634619
826 640 0.238254
832 664 0.329490
834 664 0.687600
835 667 0.558414
836 653 0.479460
839 653 0.354169
842 678 0.122324
844 640 0.662347
846 678 0.102917
849 682 0.050484
850 653 0.179446
853 679 0.544073
854 680 0.626077
855 678 0.091375
856 659 0.468835
858 665 0.629851
859 659 0.411309
860 668 0.614964
869 668 0.628863
874 682 0.585626
