140
11 19 0.620420
21 15 0.573468
22 47 0.578475
23 23 0.044230
25 343 0.639837
27 29 0.164649
31 29 0.123422
35 34 0.620293
36 24 0.622870
38 32 0.325102
44 40 0.377283
45 36 0.282607
46 35 0.664634
54 34 0.684114
74 51 0.641937
75 54 0.458340
76 55 0.292518
77 323 0.636969
86 60 0.384735
88 62 0.401052
89 63 0.602348
90 65 0.382716
91 66 0.608361
94 70 0.408503
102 79 0.533536
103 81 0.570690
104 82 0.349212
112 92 0.403636
114 94 0.551597
116 96 0.695857
118 97 0.558830
120 100 0.239197
121 101 0.586946
122 98 0.377509
125 104 0.474401
126 105 0.446931
127 42 0.517930
129 119 0.325106
130 120 0.597223
134 131 0.459479
136 125 0.587646
137 138 0.610417
140 133 0.491649
143 135 0.523103
144 136 0.565749
148 147 0.641540
149 145 0.680540
150 271 0.607825
152 150 0.644583
153 156 0.505168
156 157 0.490945
157 168 0.424607
163 179 0.587404
165 187 0.421587
166 188 0.253147
170 200 0.416008
171 201 0.363250
181 218 0.681105
183 235 0.468142
184 236 0.461872
185 237 0.568923
186 239 0.463925
187 238 0.576531
193 242 0.396908
194 244 0.523338
198 247 0.525735
200 250 0.345690
203 255 0.332181
204 256 0.623680
205 262 0.384120
206 266 0.565051
211 270 0.518921
213 273 0.493061
225 280 0.624433
229 287 0.320341
231 286 0.298602
234 289 0.288041
235 290 0.687000
238 293 0.475998
239 297 0.388074
241 291 0.456931
246 310 0.497775
247 305 0.462144
250 318 0.338567
251 311 0.545823
252 312 0.453861
253 294 0.309339
255 169 0.655242
256 295 0.440847
258 328 0.560497
259 306 0.671243
261 285 0.586696
262 320 0.619690
265 309 0.405859
266 310 0.677456
267 335 0.631693
269 326 0.537963
275 336 0.600727
276 352 0.402368
278 345 0.646653
280 353 0.318260
282 338 0.507845
284 358 0.362914
289 343 0.387574
290 368 0.554536
291 364 0.605535
292 346 0.427732
298 367 0.353544
308 360 0.598349
313 378 0.272177
315 372 0.676154
316 137 0.578473
319 373 0.391364
320 387 0.494357
321 385 0.665971
323 379 0.298525
324 388 0.548492
328 400 0.373185
331 389 0.525984
332 404 0.675112
335 413 0.348444
338 395 0.594567
343 401 0.620152
345 418 0.528699
351 422 0.432818
355 425 0.462919
356 428 0.333020
358 424 0.334890
360 429 0.634897
362 430 0.269182
364 431 0.310115
365 436 0.479181
372 40 0.531828
375 169 0.618566
376 453 0.624751
377 453 0.585415
380 448 0.245652
381 453 0.227392
382 458 0.614816
383 459 0.636632
