211
1 3 0.569479
4 16 0.520796
7 5 0.520673
8 2 0.694168
16 16 0.626389
23 23 0.036383
24 24 0.202097
25 27 0.540225
26 24 0.253289
27 30 0.567363
28 32 0.515071
29 27 0.167942
30 786 0.638479
38 34 0.477986
39 37 0.301731
40 42 0.611949
51 74 0.561565
53 72 0.663140
57 81 0.539370
58 82 0.527048
61 84 0.457295
72 91 0.398802
77 98 0.378617
96 110 0.518898
106 117 0.264074
107 118 0.255952
109 112 0.600341
110 132 0.554308
111 123 0.613498
113 120 0.673017
115 151 0.587598
116 145 0.323362
117 133 0.267817
120 135 0.639206
121 56 0.549394
125 704 0.677974
127 158 0.464527
129 152 0.664649
130 138 0.520200
131 139 0.460187
132 175 0.303137
133 153 0.613302
139 178 0.512921
141 183 0.497222
149 214 0.441525
151 179 0.476353
158 206 0.385712
159 192 0.492128
163 216 0.554758
168 588 0.498826
170 219 0.617251
172 209 0.235249
183 232 0.641298
184 222 0.451430
186 233 0.427816
189 225 0.431682
190 226 0.627919
198 228 0.118780
203 263 0.333426
206 249 0.506839
208 241 0.267578
209 235 0.313851
210 236 0.696070
214 242 0.437567
215 274 0.515842
216 275 0.288622
221 243 0.358059
222 590 0.597027
227 255 0.285007
231 265 0.330265
233 246 0.360101
242 266 0.533038
243 267 0.668079
249 616 0.691765
252 304 0.472380
253 291 0.425156
259 320 0.234394
260 298 0.604020
261 311 0.571030
262 306 0.375427
263 299 0.431429
266 315 0.573829
267 305 0.402201
276 295 0.386275
278 339 0.608795
280 317 0.538281
281 350 0.583244
287 358 0.353923
288 318 0.484835
293 334 0.393704
297 331 0.168356
302 368 0.508355
305 335 0.598363
306 336 0.423790
307 328 0.353095
310 337 0.494877
312 334 0.692108
314 378 0.676130
315 374 0.392394
320 354 0.628461
321 355 0.488774
323 347 0.647415
324 348 0.690494
327 385 0.695446
330 391 0.628733
334 392 0.672077
337 403 0.534470
338 393 0.434323
341 397 0.647655
346 418 0.638479
347 404 0.410958
352 415 0.374231
354 370 0.659057
356 375 0.307770
360 725 0.628416
361 609 0.689904
362 408 0.577216
364 463 0.642283
366 436 0.690951
369 438 0.474013
370 475 0.573615
372 480 0.431137
375 458 0.468315
376 459 0.492107
378 496 0.463680
379 477 0.207181
383 452 0.387997
386 521 0.491028
387 396 0.683845
390 511 0.310757
398 523 0.552636
401 467 0.579981
402 506 0.488751
407 507 0.452004
409 532 0.383433
412 508 0.557680
415 539 0.370925
416 533 0.549491
420 483 0.484840
422 545 0.343392
423 493 0.512086
424 546 0.664131
425 535 0.680635
426 561 0.601592
431 495 0.550576
444 570 0.482408
445 587 0.473255
447 596 0.602978
449 602 0.485423
450 585 0.592062
455 554 0.669223
459 605 0.686985
461 618 0.636671
467 606 0.493783
468 598 0.385078
476 609 0.341637
478 493 0.619309
486 619 0.608863
488 23 0.542311
492 519 0.698859
495 600 0.313066
498 635 0.501890
500 607 0.301678
503 601 0.490677
506 641 0.530823
508 654 0.581672
510 758 0.584790
512 655 0.646398
519 631 0.658209
521 620 0.518571
529 671 0.508521
530 669 0.546781
535 651 0.517093
538 680 0.607182
539 657 0.501388
540 649 0.399147
542 688 0.474608
545 689 0.534863
546 666 0.459191
548 693 0.227532
550 694 0.201962
556 697 0.616108
557 674 0.414079
567 716 0.530517
568 717 0.483267
571 681 0.541075
573 695 0.534048
582 192 0.685099
585 465 0.665689
587 730 0.323305
595 740 0.421654
596 738 0.382420
597 736 0.570059
598 713 0.442355
602 744 0.437699
607 742 0.334737
609 552 0.662430
617 758 0.539123
620 803 0.485034
621 277 0.645196
623 779 0.596368
626 786 0.486046
630 766 0.535155
631 771 0.453492
633 765 0.125712
635 810 0.396034
639 765 0.102552
640 779 0.630268
644 760 0.233989
645 765 0.689558
647 765 0.424234
