214
4 8 0.674312
11 1 0.584192
13 1 0.592939
16 18 0.600272
17 19 0.667163
18 2 0.686267
20 16 0.667878
21 1 0.444137
22 22 0.652167
23 23 0.009944
24 24 0.370077
27 27 0.040315
29 26 0.597275
30 33 0.518538
32 32 0.625912
33 27 0.105972
34 30 0.583610
39 36 0.404572
43 44 0.450260
44 46 0.564263
48 42 0.593718
49 43 0.476612
56 72 0.456163
60 57 0.364234
64 63 0.504885
65 61 0.374669
68 67 0.480248
72 69 0.493571
75 75 0.235854
77 77 0.234201
78 78 0.497961
85 85 0.418675
87 83 0.594426
88 84 0.633542
94 91 0.405688
100 98 0.567484
102 115 0.551566
108 471 0.665161
115 106 0.254142
128 130 0.595758
136 118 0.391259
137 119 0.684274
139 126 0.610342
142 133 0.494653
143 134 0.444423
153 136 0.636845
154 138 0.699700
155 139 0.673814
163 145 0.435728
166 173 0.485963
167 170 0.448863
171 177 0.339216
173 184 0.589098
181 176 0.475854
185 192 0.550274
186 196 0.475990
190 205 0.472948
199 210 0.202665
200 202 0.699712
201 211 0.309957
203 623 0.681505
210 209 0.556347
211 226 0.512479
212 227 0.246049
217 234 0.513126
220 240 0.511543
230 247 0.663850
235 251 0.652727
236 244 0.634560
242 252 0.444982
245 259 0.405017
246 260 0.178107
251 262 0.443511
256 210 0.632373
257 269 0.552461
258 270 0.404314
270 105 0.536291
278 277 0.566778
286 281 0.595099
291 331 0.614373
294 284 0.627346
295 285 0.450367
302 288 0.631124
304 848 0.624658
312 296 0.438548
318 301 0.678940
319 299 0.529554
321 157 0.642451
322 302 0.463988
323 304 0.596393
330 305 0.383612
331 311 0.496961
336 313 0.523644
337 314 0.429225
338 315 0.600935
347 321 0.479549
351 188 0.675808
354 323 0.555381
355 324 0.602549
362 327 0.416287
365 338 0.594815
370 351 0.289426
379 355 0.359605
384 359 0.592567
388 376 0.526494
389 365 0.365293
392 249 0.693056
405 391 0.428570
408 394 0.231833
409 395 0.422309
410 386 0.503121
412 392 0.686949
413 388 0.519212
419 407 0.557104
420 319 0.583923
421 405 0.241165
422 396 0.397610
438 435 0.545266
440 441 0.649457
442 431 0.555392
444 460 0.191883
446 466 0.564110
447 812 0.690363
449 470 0.359425
454 480 0.261112
455 482 0.298067
456 468 0.619813
460 489 0.624571
461 477 0.288593
464 498 0.426383
471 510 0.605805
472 507 0.427998
474 486 0.349978
481 512 0.230773
483 529 0.271966
486 530 0.356602
488 513 0.379565
491 516 0.233647
493 27 0.594491
495 534 0.428696
499 522 0.411692
500 517 0.526180
501 518 0.696311
513 539 0.377366
525 549 0.397416
527 543 0.417433
540 550 0.276245
541 540 0.491485
548 545 0.396855
549 558 0.428992
554 569 0.454755
557 553 0.379965
563 582 0.526460
566 559 0.540601
568 570 0.543368
571 575 0.697072
578 600 0.485715
579 590 0.354715
588 596 0.446272
593 609 0.660269
599 602 0.636094
600 614 0.395771
601 101 0.463766
607 618 0.401032
608 792 0.636540
609 341 0.693000
612 632 0.379599
616 641 0.691642
621 643 0.379201
625 620 0.363672
627 651 0.508950
628 649 0.464811
632 660 0.183946
633 625 0.403821
637 644 0.454928
639 646 0.504142
643 642 0.302162
647 375 0.591232
649 669 0.661439
651 677 0.668976
653 652 0.389636
657 682 0.625301
658 657 0.571023
661 688 0.527550
663 670 0.494028
664 661 0.513083
666 693 0.277915
674 708 0.240379
675 683 0.635488
679 716 0.499067
681 720 0.682143
682 704 0.498125
685 728 0.569223
687 738 0.483379
695 752 0.480702
699 755 0.561400
707 375 0.332764
713 770 0.350312
714 771 0.557744
731 786 0.411078
732 779 0.506215
734 672 0.582842
747 804 0.300889
749 812 0.575128
753 826 0.227941
756 822 0.663580
758 828 0.008204
759 157 0.676800
765 846 0.626958
766 850 0.642399
771 836 0.619231
784 870 0.636006
796 851 0.613484
810 849 0.513107
