166
3 5 0.640831
6 20 0.626403
8 20 0.421685
9 1 0.627000
18 4 0.548811
20 18 0.665728
21 5 0.652521
22 22 0.261751
23 23 0.043777
25 29 0.684079
26 28 0.418834
27 27 0.049763
28 28 0.508916
32 30 0.691999
33 27 0.026291
34 38 0.207368
35 38 0.219511
36 38 0.347734
38 432 0.682722
39 36 0.454341
44 38 0.301580
45 38 0.460344
47 409 0.568879
48 41 0.395666
50 39 0.495997
54 47 0.240899
55 48 0.248238
66 250 0.373705
69 51 0.522641
70 54 0.672785
74 56 0.567176
78 60 0.698128
79 62 0.397751
83 64 0.322750
87 65 0.635438
88 67 0.554460
92 75 0.566816
93 72 0.605467
96 92 0.485892
97 86 0.375130
100 85 0.601305
101 94 0.387641
104 100 0.485865
105 101 0.275936
106 102 0.691316
107 103 0.341345
109 114 0.462521
113 106 0.625714
114 115 0.579475
117 116 0.602391
123 132 0.365294
124 126 0.589290
128 128 0.600766
129 134 0.575811
133 140 0.558372
134 143 0.448693
136 144 0.430086
139 147 0.513577
151 158 0.509850
154 181 0.641107
157 191 0.678947
160 199 0.354734
164 192 0.477710
165 186 0.660223
171 193 0.426055
174 203 0.494297
178 224 0.680349
179 225 0.403146
184 215 0.399363
187 250 0.339527
194 235 0.673421
201 269 0.655635
205 252 0.493141
206 247 0.592711
211 442 0.636876
214 261 0.587474
216 262 0.679321
218 277 0.696391
220 266 0.512768
222 273 0.472262
223 281 0.434655
235 325 0.683548
236 326 0.685228
237 317 0.451810
238 311 0.457982
241 300 0.417436
244 301 0.683058
245 302 0.638362
246 41 0.641545
247 313 0.563794
249 318 0.268459
251 314 0.539382
255 332 0.438974
257 328 0.409067
258 348 0.608941
262 339 0.554048
264 333 0.645553
269 349 0.512463
278 357 0.221556
291 384 0.502413
292 435 0.696747
294 378 0.625623
296 401 0.589648
298 380 0.669901
303 376 0.490685
304 360 0.542441
305 413 0.698991
306 385 0.553924
307 382 0.639672
309 394 0.442386
312 421 0.568058
313 396 0.423062
317 390 0.394568
320 432 0.611237
325 406 0.227637
329 415 0.520075
332 614 0.692535
338 514 0.513756
341 434 0.353479
343 452 0.306564
346 453 0.244874
347 454 0.291901
348 435 0.519016
351 433 0.533700
359 463 0.286967
361 449 0.455163
362 447 0.386604
369 450 0.582389
370 459 0.464497
372 479 0.611559
373 474 0.316133
374 543 0.667862
377 464 0.598081
379 484 0.628019
380 468 0.415108
384 121 0.674982
385 504 0.605398
387 458 0.579171
389 496 0.329735
390 476 0.543119
395 505 0.283601
397 486 0.479014
398 523 0.659078
401 513 0.450385
404 526 0.419357
407 522 0.557504
410 497 0.527507
411 498 0.515070
412 502 0.381068
418 492 0.679282
420 551 0.280114
422 554 0.307595
424 558 0.553374
425 563 0.314852
426 528 0.500190
427 529 0.349060
429 570 0.301735
431 575 0.191475
433 581 0.312571
435 564 0.243447
438 584 0.524409
444 605 0.413932
452 112 0.667067
453 634 0.638302
459 630 0.497382
461 622 0.678578
